[9, 14, 7, 9, 10, 14, 19, 15, 2, 1, 2, 10]
[3, 14]
[17, 15, 14, 19, 10, 8, 16, 4, 12, 19]
[9, 11, 15]
[10, 1, 11, 2, 19]
[7, 10, 14, 7, 7, 18, 9]
[4, 5, 6, 4, 5, 4, 6, 10, 19]
[10, 4, 7, 12, 4, 12, 4, 3, 14, 10, 4, 16, 9]
[13, 19]
[12, 9, 6, 11, 12, 15, 15, 12, 8, 8, 3, 12]
[1, 17, 4, 3, 1, 12]
[15, 14, 18, 2, 11, 15, 3, 12, 13]
[13, 6, 7, 5]
[5, 2, 12, 19, 6, 16]
[4, 3, 14, 2, 9, 11, 3, 8]
[15, 4, 14, 7, 10, 8, 16, 13, 10, 3, 12, 3]
[11, 13, 15, 14, 8, 12, 10]
[11, 8, 16, 8, 1, 12, 14, 15, 13, 15, 12, 15, 16]
[16, 14, 15, 11, 4]
[3, 3, 7, 19]
[2, 8, 13, 10, 11, 16, 3, 4, 14, 7, 18]
[3, 12, 3]
[5, 2, 9, 5, 11, 13, 13, 11, 6, 6]
[7, 10, 12, 4, 3, 4, 9, 6, 19, 8, 9]
[11, 1, 13, 2, 14, 2, 2, 18, 16, 17, 8, 4, 16]
[9, 17]
[14, 15, 14, 6, 14, 9, 5, 3, 10, 1]
[10, 11, 10, 9, 19, 6, 5, 12]
[7, 10, 14, 13, 4, 5, 6, 18, 15, 1, 15, 14]
[1, 17]
[6, 1, 16, 2, 7, 19, 19, 11]
[17, 15, 14, 18, 10, 2, 3, 9]
[14, 2, 7, 13, 3, 12, 9, 14, 4, 14, 2, 19]
[14, 9, 12, 19, 5, 11, 9, 1, 10]
[5, 12, 16, 17, 7, 2, 3, 5, 13, 3, 11, 1, 10, 17]
[3, 8, 3, 5, 8, 1, 2, 4, 8, 8]
[10, 16, 18, 9]
[5, 13, 2, 5, 11]
[13, 13, 1, 15, 12, 18]
[8, 5, 11, 2, 1, 14, 15]
[4, 14, 5, 5, 7, 7, 3, 2, 17, 6, 11, 18, 15, 17, 6]
[14, 12, 15, 2, 2]
[12, 8, 4]
[7, 2, 18]
[9, 3, 16, 13, 14, 16, 18, 11, 12, 6]
[11, 10, 11, 16, 18, 3, 8, 7, 6, 17, 4]
[16, 15, 16, 19, 18, 8]
[16, 16, 4, 7, 15, 18, 12, 18, 17, 16, 2, 2, 9, 6, 15]
[7, 12, 8]
[17, 10, 17, 13, 7, 8, 15, 9, 12, 5, 5, 14, 11]
[7, 18, 1, 13, 13, 9, 14, 2, 4, 15, 16, 14, 13, 3, 2]
[5, 5, 4, 14, 16, 8, 4, 9, 12, 11, 9, 12, 13, 13, 4]
[15, 6, 14, 2, 18, 6, 14, 9, 6, 10, 12]
[5, 14, 2, 13, 18, 7, 12, 7, 11, 7]
[12, 17, 14, 1, 5, 4, 14, 13, 5, 15, 5]
[17, 1, 3, 6, 14, 1, 2, 11, 2, 7, 12, 15]
[11, 10, 4, 8, 11, 16, 19, 15, 3]
[15, 16, 8]
[1, 12]
[4, 7, 18, 5, 17, 15, 15, 16, 16, 9, 4, 18, 17]
[8, 13]
[8, 17, 15, 1, 10, 19]
[7, 4, 13, 7]
[5, 17, 15, 10, 4, 11, 15, 16, 18, 9]
[3, 10, 11, 8, 2, 9, 13]
[10, 15, 1, 4, 8, 12, 3, 9, 6, 13, 7, 13]
[11, 9, 16]
[2, 1, 4, 7, 3, 14, 5, 5, 8, 18, 10, 6]
[16, 11, 15, 3, 13, 8, 16, 9, 8, 7, 9]
[3, 19, 8, 9, 8, 9, 18, 8, 4, 8, 19, 10]
[13, 10, 7, 9, 12, 5, 3, 19, 8, 6, 11]
[4, 14]
[3, 1, 5, 13, 4, 13, 11, 19, 5, 3]
[13, 8, 1, 13, 2, 12]
[5, 1, 7, 5, 14]
[15, 18, 12, 6, 6, 12, 4]
[15, 3, 3, 1, 3, 4, 8]
[10, 8, 8, 11, 6, 1, 15, 17, 13, 11, 13]
[9, 17, 17, 5, 8, 8, 2, 17, 14, 6, 15, 6, 1]
[8, 13, 13, 8, 18, 3]
[4, 13, 9, 8, 1, 19, 12, 13, 6, 1, 6]
[9, 10, 1, 5, 9, 16]
[10, 8, 7, 9, 11, 9, 6, 5, 17, 7, 9, 19, 8]
[13, 4]
[15, 18, 16, 6, 8]
[13, 5, 7, 6, 9, 11]
[8, 15, 4, 8, 7, 12, 18, 15, 3, 10]
[2, 7, 1, 14, 12, 16, 15, 4, 19, 7, 19, 3, 3, 4]
[16, 19, 8, 7, 5, 19, 13, 18, 1, 3, 19]
[12, 7, 18, 4, 8, 13, 11, 9, 2, 2, 11, 3, 4, 10, 5]
[1, 3, 9, 11, 9]
[2, 17, 18, 7]
[8, 13, 4, 4, 4, 15, 9, 5, 11, 5, 15, 3, 9]
[8, 8]
[15, 4, 15, 11, 16, 3, 14, 2, 8, 12, 17, 14, 12, 18, 3]
[5, 14, 11, 9, 13]
[10, 8, 2]
[2, 3, 10, 13, 19, 8, 7, 11, 5]
[9, 8, 3, 13, 8, 2, 15, 17, 5, 9, 10, 1, 6]
[5, 3]
[2, 9, 3, 19, 9, 7]
[8, 5, 13, 18, 3, 8]
[16, 4, 17, 3, 6, 1, 1, 10]
[11, 10]
[1, 9, 4, 19]
[16, 11, 19, 16, 17, 1, 2, 4, 12, 15, 6, 6, 18]
[8, 15, 15, 13, 14, 8, 6, 3, 13, 18, 4]
[6, 6, 1, 15, 17, 16]
[15, 5, 18, 19, 16, 17, 15, 8, 10, 6, 18, 9, 2, 14]
[13, 8, 3, 11, 17, 16, 12, 5, 3, 15, 9, 1]
[17, 3, 12, 19, 13, 17, 5]
[8, 6, 10, 17, 13]
[1, 6, 19, 6, 6, 14, 19, 2, 16, 4, 4, 15, 4]
[6, 16, 13, 11, 18, 3, 15, 10, 6, 16, 1]
[4, 9, 17, 13, 6, 1, 10, 6, 9]
[13, 17, 13, 13, 8, 14, 8, 9, 2, 14, 11, 14]
[6, 17]
[13, 16, 7, 7]
[2, 12, 6, 17, 11, 11, 14, 4, 4]
[8, 3, 13, 15, 16, 18, 17, 5, 9, 5, 13]
[19, 2, 3, 5, 14, 12, 17, 14, 4]
[8, 18, 17, 14, 3, 18, 9, 3, 8]
[2, 3, 10, 7, 19]
[1, 9, 1, 7, 6, 10, 4, 19, 4, 16, 16, 17, 7]
[15, 14, 8, 7, 14, 16, 11, 13]
[18, 10, 7]
[9, 19, 2, 7, 6, 8, 8, 18, 3, 12, 14, 6]
[16, 11, 11, 5, 14, 13, 1, 3]
[7, 18, 1, 19, 12]
[6, 15, 10, 6, 16, 7, 8, 14, 12, 17]
[5, 15, 2, 7, 15, 6]
[18, 8, 1, 5, 13]
[8, 2, 13, 1, 16]
[5, 4, 14, 14, 10, 16, 3]
[6, 9, 13, 10, 14]
[2, 16, 9, 16, 15, 7, 1]
[2, 16, 6, 18, 7, 1, 6, 15, 9, 2, 16, 8, 9, 7, 10]
[9, 1]
[19, 18, 5, 9, 4, 18, 7, 10]
[12, 19, 7, 10, 9, 3, 13]
[9, 3, 3, 8, 9, 12, 8, 11, 9]
[8, 18]
[9, 1, 13, 6, 3, 8, 17, 9, 7, 10, 10, 5, 13, 3, 2]
[2, 1, 4, 13, 17, 6, 13, 8, 18, 14, 16, 1, 12, 15]
[6, 17, 3, 16, 8, 6, 5, 19, 18, 3, 2, 5, 12]
[15, 8, 13, 3, 2, 9, 1, 19, 11, 11, 15]
[9, 6, 2, 12, 9, 10, 3, 8, 5, 18, 2, 10, 2, 17]
[7, 12, 2, 9, 14, 12, 7, 10, 12, 8]
[15, 16, 18, 2, 19, 9, 5, 16, 16, 3, 17, 6, 8]
[12, 17, 17, 9, 6, 14, 4, 17, 18]
[17, 6, 2, 13, 4, 4, 11, 1, 13, 3, 1, 7, 9, 3, 7]
[16, 16, 5, 16, 14, 11, 9, 9, 17, 3, 6, 14, 5]
[5, 6]
[11, 18, 3, 1]
[13, 19, 15, 6, 19, 18, 13, 1, 12, 14, 3, 5]
[9, 6, 4, 10, 13, 16, 3, 11, 10, 2, 5]
[15, 14, 16, 16, 15, 1, 7, 11, 18, 11, 1]
[5, 10, 6, 12, 14, 2]
[9, 18, 17, 16, 2, 8, 18, 4]
[9, 11, 3, 3, 2, 14, 18, 18]
[10, 13, 5, 8, 14, 8]
[4, 9, 8, 5, 9, 4, 15, 12]
[17, 15, 8, 5, 15, 17, 1, 14, 7, 10, 19, 2, 2]
[14, 9, 5, 4, 12]
[10, 13, 18, 14]
[13, 8, 9, 9]
[11, 10, 2, 18, 5, 9, 11, 4, 12, 15, 17, 3, 11, 9]
[5, 3, 12, 3]
[15, 1, 5, 15, 5, 3, 4, 6, 18, 6, 13, 6, 19]
[5, 18, 12, 11, 13, 18, 11, 8, 6, 9]
[3, 4, 16, 8]
[8, 17, 13, 1, 5, 14]
[6, 14, 7, 16, 3, 2, 2, 1, 9, 8]
[19, 6, 17, 13, 6, 12, 3, 3, 13, 8, 7, 1, 2, 3]
[3, 12, 12, 11, 14, 18]
[17, 2, 8, 3, 10, 17, 5, 13, 19, 16, 4, 6]
[8, 8, 9, 1, 11, 1, 5, 19, 19, 15, 8, 1, 3, 9, 7]
[19, 17, 6, 13, 17, 2, 8, 16, 1, 9]
[2, 7, 17, 10, 14, 18, 16, 19, 13, 13, 2, 2, 19, 17, 10]
[1, 8]
[17, 8, 16, 5, 19, 19, 2, 17, 11, 11, 11, 10]
[16, 17, 3, 10, 18, 16, 5, 18, 8, 11, 14, 8]
[1, 11, 1, 3, 6, 9, 9, 19, 1, 17, 11, 11, 14, 19, 10]
[9, 2, 19]
[4, 2, 4]
[10, 18, 18, 3, 6, 18]
[3, 19, 13, 5]
[9, 16, 9, 15]
[1, 6, 10, 19, 15, 8, 8, 8]
[9, 7, 18, 10, 5, 2, 4, 11]
[14, 13]
[8, 12, 19, 3, 5]
[18, 3, 18, 14, 10, 7, 8, 8, 12, 16, 17, 18, 18, 13, 7]
[16, 14, 11, 14, 5, 13, 11, 11, 11, 17]
[6, 18, 4, 6, 11, 17, 3, 13, 17, 19, 6, 1]
[3, 18, 17, 18, 2, 19, 16, 13, 13, 19, 19]
[5, 5, 8, 7, 12, 8, 5, 7, 5, 15, 13, 12, 5]
[4, 17, 6, 16, 5, 3, 19, 4, 8, 9, 15]
[13, 12, 3, 2]
[16, 12, 7, 4, 16, 16, 3, 18, 5, 2, 19, 7, 19, 16]
[10, 5, 4, 18, 4, 2]
[4, 9, 12, 6, 14, 5, 7, 2, 14, 17, 19, 8, 13, 16]
[11, 18, 16, 5, 13]
[8, 7, 3, 12, 9, 12, 9, 9, 19, 17, 3, 12, 7]
[17, 14, 13, 12, 19, 8, 3, 8, 8, 17, 3, 8, 6, 19]
[12, 8, 18, 3, 17, 19, 15, 16, 14, 16, 3]
[15, 11, 2, 15, 15, 15, 3, 13, 9, 18, 6, 19]
[13, 9, 11, 19, 15, 14, 3, 1, 12, 6, 15]
[5, 13, 7, 6, 10, 8, 18, 17, 12]
[12, 11, 5, 1, 15, 19, 1, 1, 3, 18, 10, 16, 2, 14]
[14, 6, 12, 14, 8, 18, 14, 5, 15, 9]
[17, 13, 15, 1, 14, 19]
[14, 17, 6, 6]
[2, 18, 1, 16, 8, 12, 8, 19, 15, 15, 12, 10]
[4, 17, 10, 15, 14, 4, 8, 18]
[18, 7, 6, 9, 18, 11, 2, 17]
[11, 1, 7, 11, 13, 8, 14, 8, 12, 16, 13, 3, 7]
[16, 5, 17, 12, 9, 13, 8, 4]
[19, 8, 1]
[8, 2, 6, 13, 5, 13, 9, 9, 17, 8, 2, 9]
[15, 18, 3, 19, 15, 3, 14, 19, 14]
[3, 12, 13, 14, 14, 15, 12, 16, 10, 17, 15, 18, 12, 11, 19]
[6, 16, 16, 16, 3, 3, 14, 8, 17, 7, 16]
[1, 10, 19, 15, 19, 16, 4, 3]
[9, 19, 9, 18, 9, 14, 8, 4, 16, 18]
[6, 3, 10, 5, 12, 2, 4, 12, 14]
[3, 5, 12, 3, 14, 7, 5, 2, 2, 5, 19, 15, 6, 2]
[3, 18, 3, 16, 8, 7, 9, 14, 7, 2, 8, 2, 14, 12, 10]
[9, 7, 2]
[17, 13, 8, 13, 15, 12, 6, 14, 16, 13, 7, 3, 17, 7, 3]
[7, 9, 11, 5, 14, 16, 18, 7, 5, 10, 11]
[3, 17, 11, 15, 1, 18]
[1, 6, 10, 14, 3, 4, 5]
[9, 13, 8, 1, 8, 10, 12, 13]
[10, 5, 2, 19, 1, 12, 19, 4, 4, 13]
[2, 1, 18, 1, 13, 2, 16, 10, 13, 8, 4, 18, 10]
[19, 18, 8, 1, 10, 1, 3, 5, 19, 18, 16, 5, 18, 14]
[15, 4, 13, 4, 17, 3, 2, 18, 18, 2, 18]
[19, 19, 11, 6, 4, 18, 5, 8, 13]
[7, 11, 2, 7, 12, 18, 13, 3, 7, 11, 15]
[15, 17]
[11, 15, 8, 17, 11]
[5, 19, 17, 4, 16, 4, 19, 15, 16, 4]
[17, 7, 12, 16, 4, 16, 11, 2, 10, 19]
[1, 12]
[16, 6, 1, 3, 2, 5, 2, 7, 1, 3, 14]
[17, 13]
[6, 11, 4, 11, 9, 9, 11, 8, 13, 13]
[11, 19, 18, 1, 9, 3, 2, 4, 10]
[7, 18, 13, 11, 3, 12, 18, 16, 11, 3, 2, 19]
[2, 2, 16, 2, 10]
[18, 7, 14, 16, 7]
[5, 5, 13, 2, 8, 5, 17, 11, 3, 19]
[4, 6, 11]
[7, 18, 1, 5, 6]
[9, 4, 13, 10, 8, 19, 17, 8, 10, 9, 14, 1]
[4, 1, 18, 16]
[12, 4, 5, 16, 1, 13, 17, 17, 11, 11, 8, 1]
[3, 14, 19, 4, 5, 18, 4]
[18, 7, 15, 16, 12, 19, 11, 19, 14, 13, 5, 8, 10, 12, 5]
[1, 6, 18, 9, 13, 6, 1, 16]
[12, 14, 3, 3, 11, 7, 7, 1, 14, 4]
[7, 11, 12, 15, 18, 11, 8, 3, 7, 11, 7]
[2, 2, 3, 5, 14, 2, 13, 2, 10, 10, 6, 10, 8]
[19, 18, 9, 9, 7, 5, 10, 15, 5, 11, 14]
[13, 6, 18, 16, 9]
[10, 8, 11, 7, 14, 13, 18]
[19, 8, 11, 19, 18, 11, 19, 11, 19, 11, 6, 17, 19]
[14, 4, 18, 16]
[13, 11, 19, 8, 5, 7, 4, 12, 17, 10, 7, 4, 16, 9]
[17, 8, 11, 7, 1, 15, 16, 19, 2, 14, 7, 13, 8, 7]
[10, 14, 9, 5, 13, 6, 6]
[3, 1, 16, 7, 17, 17, 7, 8]
[6, 1, 14, 12, 16, 13, 15, 13]
[8, 16, 11, 1, 12, 8, 7, 14, 19, 5]
[6, 10, 18, 6, 16, 16, 19]
[12, 19, 8, 4, 9]
[17, 12, 15, 11, 14]
[9, 1, 3, 4, 13, 5, 19, 6, 5, 18, 13, 15, 1, 19]
[4, 12, 14, 10, 13, 2, 18, 15, 6, 16, 17, 4, 15]
[10, 8, 13, 13, 14, 12, 8, 6, 4, 17, 1, 7, 1, 12, 3]
[18, 2]
[8, 2, 6, 2, 7, 14, 17, 16, 6, 2, 5]
[3, 10, 17, 16, 6, 14, 12, 11, 1, 16, 19, 1]
[16, 3, 5, 1, 1, 11, 16, 1, 18, 14]
[9, 6, 16, 16, 17, 8, 16, 10, 8, 9, 2, 15, 18, 4, 8]
[3, 18, 17, 7, 5, 2, 2, 7, 19, 6, 18, 7, 12, 7]
[5, 18, 10, 1, 13, 7, 15, 5, 1, 13, 3, 11]
[17, 17, 9, 9, 15, 6, 8, 14, 18, 18, 3, 1, 4]
[18, 16]
[11, 10]
[3, 12, 13, 5, 19, 4, 6, 18, 17, 8, 7, 8, 5, 4]
[16, 14, 18, 13, 4, 18, 2, 7, 13, 5, 14]
[18, 9, 17, 8, 9, 15, 12]
[16, 16, 7, 18]
[4, 3, 5, 7]
[10, 15, 9]
[5, 6, 15, 19, 8, 17]
[9, 6, 8, 13, 18, 13, 9, 15, 2]
[3, 3, 7, 5, 9, 8, 2, 7]
[13, 4, 4, 16, 14]
[2, 13, 2, 1, 5, 10, 18, 8, 11, 3]
[17, 6, 1, 15]
[19, 15, 12, 4]
[6, 1, 5, 18, 12, 19, 1, 9, 9, 13]
[16, 16, 5, 17]
[1, 18, 6, 18]
[14, 7, 8, 16, 13, 1]
[8, 8, 10, 4, 19, 5, 16, 8, 13, 19]
[11, 18, 3, 1, 17, 13, 8, 18, 13]
[12, 5, 15, 1, 3, 8, 12, 3, 8, 8, 7]
[14, 2, 16, 5, 8, 5, 4, 13, 10, 7, 14, 14, 19, 12]
[17, 10]
[13, 14, 16, 1, 16, 3, 15, 12, 12, 14]
[10, 7, 1, 5, 9, 19]
[6, 19, 15, 2, 16, 13]
[13, 14, 6, 13, 1, 8, 6, 6, 4]
[12, 7, 10, 11, 14, 3, 2, 17, 7]
[9, 13, 17, 1, 8, 15]
[13, 9, 16, 14, 19, 9, 19, 10, 2, 9]
[4, 1, 6, 1, 12, 14]
[8, 17, 18, 19, 15, 17, 4, 12, 19, 16, 12, 14, 12]
[15, 11, 4, 1, 15, 18, 15, 5, 8, 2, 1, 19]
[11, 18, 1, 18, 11, 10, 17, 18, 15, 18]
[1, 19, 19, 18, 9, 9, 12, 7, 14, 3, 10]
[9, 11, 17, 10, 11, 3, 7, 12, 7, 12, 11]
[5, 3, 8, 4, 15, 14, 12, 1, 5, 19, 3, 3, 2, 13]
[19, 18, 2, 2, 1, 16, 7, 4, 5, 19, 4, 9, 5, 2, 15]
[19, 6, 16, 6, 2, 15, 8, 12, 3, 9]
[14, 12, 12]
[4, 18, 8, 15, 4, 13, 4, 4, 18, 11, 16, 10, 10]
[7, 17, 6, 15, 17, 11, 11, 4, 11, 18, 8, 11, 2, 11, 13]
[13, 7, 19, 2, 12, 17, 13, 17]
[5, 5, 11, 9, 4, 4, 6]
[11, 7, 9, 2, 2, 15]
[1, 7, 9, 1]
[11, 9, 12, 16, 2, 14, 9, 10, 15, 10, 1]
[3, 6, 4, 9, 7, 2, 1, 10, 18, 7, 8, 3, 10]
[19, 14, 10, 19, 3, 18, 14, 11, 9, 11, 6, 14, 5, 15, 7]
[16, 2, 14, 15, 19, 10, 8, 11, 12]
[5, 15, 5, 13, 6, 18, 17]
[12, 7, 7, 8, 3, 9, 19, 15, 17, 19, 19, 9, 19, 6, 2]
[15, 7, 6, 1, 7, 6, 1, 1, 17]
[1, 19, 14, 5, 17, 8, 3, 14, 8, 17, 14]
[6, 1, 8, 14, 1, 1, 15]
[7, 14, 1]
[18, 19, 9]
[18, 2, 2, 14, 9, 1]
[5, 11, 16, 18, 8, 19, 5, 11]
[11, 9, 8, 2]
[12, 18, 16, 14, 16, 2, 17, 15, 11, 19, 10]
[14, 6, 5, 2, 15, 3, 19]
[4, 5, 3, 12, 14, 18, 11, 16, 14, 10, 14, 5, 15]
[17, 19, 12, 17, 16, 18, 2, 11, 5, 9, 17, 10, 6]
[19, 5, 15, 16, 10, 17, 15, 1, 3, 2, 12, 17, 16, 5, 5]
[12, 10, 3]
[8, 10, 18, 4, 10, 5, 19, 3, 10, 19]
[16, 18, 6, 19, 3, 17, 2, 18]
[9, 4, 15, 19, 10, 18, 9]
[6, 10, 7, 13, 7, 1, 3, 14]
[5, 18, 9]
[16, 15, 10, 5, 13]
[8, 17, 14, 17, 7, 7, 12, 7, 10]
[4, 9, 9, 12, 4, 18, 2, 8, 4, 6, 1, 10, 5, 11]
[5, 16, 4, 9, 6, 16, 17, 4, 12, 12, 15, 11, 13, 7, 8]
[16, 3, 2]
[5, 11, 19, 11, 3, 13, 8, 3, 14, 10, 5, 12, 13, 17, 7]
[4, 7, 4, 4, 12, 3, 3, 4, 14]
[19, 8, 15, 6, 14, 11, 10, 17, 10, 3]
[10, 2, 1, 9, 2, 19, 9, 4, 5, 4, 5, 3, 6]
[13, 3, 8, 13, 15, 11, 3, 6]
[11, 7, 9, 1, 15, 11, 16, 14, 1, 17, 12, 7, 2, 10]
[7, 2, 14, 13, 8, 14]
[11, 18, 2, 6, 14, 2]
[19, 17, 4, 5, 3, 10, 5, 1, 17, 16, 14, 18, 3, 7]
[14, 5, 7, 3, 8, 16]
[4, 12, 16]
[3, 18, 14, 15, 5]
[8, 1, 7, 16, 2, 2, 5, 8, 13, 14, 10]
[19, 7, 10, 17, 17]
[7, 17, 8]
[2, 14, 7]
[16, 15]
[10, 12, 8, 3, 8]
[16, 19, 14, 10, 8, 6, 19, 4, 17, 14, 12, 12, 15]
[1, 17, 1, 12, 3]
[9, 16, 3, 19]
[17, 13, 19, 1, 7, 11, 19, 1, 2, 13, 16, 11, 14, 8]
[17, 5, 13, 17, 15, 14, 5, 6, 1]
[18, 8, 7, 6, 6, 19, 11, 2, 6]
[1, 5, 11, 15, 2, 5, 14, 8, 8, 18, 7, 11]
[2, 15, 7, 13, 7, 19, 16]
[9, 1, 3, 7, 9]
[18, 4, 14]
[2, 5, 2, 4, 18, 13, 4, 11]
[19, 16, 14, 3]
[10, 2, 8, 4, 13, 19, 10, 17, 17, 4]
[4, 13, 3, 8, 6, 2, 8, 14, 2]
[4, 15, 1, 16, 6, 14]
[6, 10, 13, 12, 18, 7, 1, 12, 16, 12, 14, 16]
[13, 19, 3, 1, 11, 5, 12, 17]
[17, 1, 12, 10, 10, 12, 6, 10, 2, 15, 9]
[17, 17, 7, 5, 16, 4, 18, 13, 15, 13]
[19, 13, 19, 18, 7, 17, 18, 8, 17, 11, 6, 3, 17, 15, 9]
[17, 1, 14, 1, 14, 9, 17, 3, 8, 1]
[2, 17, 3, 12, 4, 16, 17, 8, 4, 6, 12, 17, 19, 9, 18]
[9, 13, 15]
[7, 9, 1, 19, 17, 17]
[14, 10, 4, 9, 10, 4, 17]
[8, 3, 10]
[14, 4, 17, 15, 10, 12, 1, 14]
[13, 18, 6, 1, 1, 5, 16, 1, 11, 15]
[16, 15, 7, 9, 15, 9, 16]
[4, 15, 14, 6, 1, 5, 11, 10, 5, 4, 3, 12]
[1, 9, 2]
[14, 7, 2, 14, 16]
[2, 4, 10, 11, 13]
[5, 8, 11, 12, 3, 13, 12, 9, 11, 1]
[3, 6, 9, 1]
[16, 19, 18]
[18, 14, 7, 1, 12, 2, 17, 9, 4, 15, 1, 14, 18]
[3, 13, 3, 10, 8, 1, 8, 14, 15, 12, 17, 5, 5, 14, 4]
[12, 5, 3, 12]
[17, 10, 13, 15, 2]
[18, 17, 4, 17, 17, 15, 18, 14, 6, 3, 19]
[2, 4, 7, 10, 1, 16, 5, 1, 16, 12, 19, 5, 4, 2]
[18, 19, 19, 6, 12, 4, 8, 15, 12, 8, 11, 7, 13, 13, 10]
[7, 10, 16, 19, 7, 4, 15]
[4, 18]
[14, 11, 13, 15]
[10, 19, 7, 16, 15]
[14, 5, 6, 5, 1, 13, 5, 7, 6, 15, 17, 7, 9, 19]
[7, 19, 9, 2, 4, 5]
[6, 3, 12, 9, 9, 12, 18, 2, 15]
[18, 3, 9, 13]
[9, 17, 16, 2, 5, 9, 18, 4]
[14, 6, 1, 17, 15, 11, 9, 9, 5, 4]
[2, 17, 18, 14, 8, 5, 8]
[17, 15, 8, 3, 13, 6, 12, 12]
[8, 13, 7, 17, 10, 16, 13, 5, 1, 16, 4, 11, 1, 7]
[17, 18, 12, 13, 17, 6, 4, 5, 7, 14, 4, 10, 10, 19, 10]
[6, 10, 11]
[16, 17, 15, 16, 8, 18, 18, 2, 18, 17, 2, 19]
[13, 4, 4, 19, 9, 11, 12, 13, 8, 7, 3, 4, 16, 14, 15]
[18, 2, 13, 18, 8, 4, 5, 12, 17]
[5, 7, 8, 9, 5, 10]
[6, 2, 13, 5, 19, 6, 9, 9, 7, 1, 15, 19, 19, 19]
[5, 19, 6, 14, 13, 8, 6, 5, 12, 13]
[4, 12, 10, 1, 4, 14, 5, 12, 18, 6, 3, 10, 15]
[6, 18]
[13, 15, 7, 3, 1, 3, 10, 18, 13]
[1, 17, 12, 9, 14, 14, 16, 12]
[17, 5, 4, 15, 10]
[5, 19, 13, 5, 16, 7]
[7, 8, 5, 4, 6, 11, 15, 18, 1, 13, 17, 16, 9, 12, 4]
[14, 19, 1, 16, 19, 2, 9, 4, 16, 2]
[6, 13, 2, 14, 1, 14, 19, 19, 14, 10]
[6, 10, 4, 17, 8, 12, 14, 10, 9, 10, 13, 6, 19]
[5, 18, 15, 7, 9, 19, 12, 16, 3, 15, 12, 11, 4]
[16, 15]
[17, 15, 15]
[11, 13, 19, 5, 15, 19, 5]
[17, 14, 12, 1, 2, 10, 13, 11]
[19, 15, 9, 7, 17, 18, 3, 13]
[9, 13, 16, 6, 14, 2]
[16, 19, 13, 13, 3, 14, 14]
[6, 9, 2, 9, 11, 15, 3, 2, 8, 16, 13]
[15, 13]
[7, 13, 11, 4, 17, 4]
[3, 3]
[19, 17, 9, 18, 10, 13, 15, 7, 16, 1, 15, 12]
[13, 8, 1, 18, 14, 12, 12, 4, 18]
[3, 6, 10, 17, 5, 6, 13, 2, 2, 10, 15]
[1, 9, 16, 19, 8]
[18, 1, 11, 18, 16, 5, 19]
[8, 18, 4, 15, 14, 1, 19]
[10, 5, 16, 2, 17, 18, 3, 19]
[8, 11, 17, 17]
[8, 4, 8, 2, 1, 15, 10]
[4, 18]
[10, 7, 2, 19, 1, 5, 18, 10]
[14, 19, 3, 15, 7]
[10, 15, 14, 8, 13, 8]
[5, 1]
[19, 4, 12, 13, 7, 16, 3, 11]
[16, 17, 17, 16, 9, 10, 17, 7, 19]
[5, 15, 4, 3, 5, 9, 9, 4, 19]
[13, 18, 19, 14, 17, 6]
[13, 11, 4, 2, 18]
[18, 19, 13, 9, 12, 5, 9, 3, 3, 11]
[7, 15, 1, 16]
[6, 1, 19, 6, 6, 7, 9]
[17, 16, 15, 4]
[9, 13, 8, 8, 3, 13, 9, 8, 13, 11, 17, 2, 18]
[14, 17, 11, 15, 6, 12, 13, 16, 17]
[11, 19, 17, 2, 17, 11, 4, 3, 10, 11, 18, 15]
[12, 5, 7, 8, 18]
[17, 18, 1, 13, 14, 3, 13]
[10, 4, 17, 1, 3, 9, 14, 11]
[16, 15, 5, 17, 16, 19, 12, 8]
