45, 55, 71, 97, 130, 132, 136, 163, 168, 169, 221, 238, 306, 318, 319, 325, 382, 400, 401, 409, 412, 417, 456, 471
0, 11, 26, 35, 38, 63, 81, 118, 123, 188, 294, 306, 320, 360, 422
8, 18, 28, 48, 69, 137, 168, 209, 318, 325, 387, 405, 455, 472, 490
140, 148, 160, 175, 179, 274, 292, 311, 319, 329, 332, 405, 423, 443, 485, 490
38, 40, 62, 159, 190, 192, 203, 215, 230, 248, 255, 325, 395
8, 19, 23, 55, 63, 145, 443, 486
36, 38, 68, 72, 81, 87, 115, 132, 145, 150, 167, 169, 217, 236, 246, 284, 291, 346, 347, 352, 368, 375, 387, 420, 437
69, 86, 87, 140, 144, 171, 173, 259, 300, 360, 403, 410, 422, 451, 471, 472, 482, 492
74, 90, 124, 170, 197, 291, 328, 371, 399, 403, 478
137, 150, 245, 451
17, 36, 52, 83, 92, 124, 137, 146, 150, 190, 217, 219, 247, 259, 319, 325, 337, 379, 395, 439, 455, 456
10, 24, 32, 38, 107, 154, 166, 169, 181, 188, 197, 214, 221, 259, 306, 326, 335, 410, 469, 484
39, 148, 184, 217, 243, 281, 307, 353, 372, 395, 460, 482, 484
5, 7, 38, 47, 51, 73, 127, 132, 137, 146, 150, 163, 221, 233, 238, 258, 287, 307, 319, 351, 365, 391, 405, 471, 490
38, 42, 51, 87, 90, 119, 172, 182, 213, 300, 347, 372, 375, 439
68, 73, 83, 86, 325, 442
48, 62, 69, 127, 182, 214, 219, 222, 309, 397, 405, 414, 471, 472, 484, 490
8, 32, 67, 74, 127, 142, 154, 168, 169, 182, 210, 243, 348, 359, 374, 385, 412, 486
18, 38, 48, 125, 192, 219, 227, 241, 257, 318, 342, 352, 353, 374, 386, 397, 402, 404, 472, 486
159, 371, 402, 405
17, 18, 41, 101, 155, 173, 191, 195, 228, 241, 263, 360, 367, 377, 417, 446, 471, 484, 490, 492
71, 108, 216, 217, 238, 299, 300, 325, 371, 387, 404, 416, 423, 431, 472, 492
9, 85, 135, 137, 140, 145, 179, 188, 201, 207, 222, 238, 242, 246, 257, 318, 322, 346, 366, 402, 414, 444
81, 169, 203, 227, 231, 293, 335, 387, 399, 436, 469, 492
8, 10, 43, 100, 124, 191, 221, 274, 281, 282, 297, 298, 325, 326, 344, 354, 368, 371, 375, 397, 401, 402, 437, 486, 490, 493
23, 40, 48, 51, 62, 127, 129, 274, 335, 368, 399, 420, 471, 487
3, 4, 36, 62, 104, 142, 179, 182, 191, 207, 231, 274, 320, 336, 387, 402, 405, 421, 461, 480
34, 38, 49, 51, 81, 85, 127, 174, 283, 289, 316, 344, 360, 399, 405, 438, 444, 482
36, 47, 55, 63, 126, 152, 159, 187, 246, 247, 289, 360, 402, 432
13, 108, 132, 246, 336, 375, 420, 492
9, 12, 100, 103, 120, 125, 127, 137, 144, 242, 255, 274, 306, 329, 348, 371, 402, 444, 455, 493, 494
3, 51, 55, 81, 123, 127, 137, 198, 209, 219, 222, 227, 230, 298, 300, 309, 314, 318, 374, 395, 414, 439, 444, 491
22, 65, 127, 147, 160, 244, 246, 415
38, 47, 50, 118, 123, 132, 145, 206, 222, 248, 368, 399, 414, 416
38, 57, 69, 79, 107, 148, 150, 169, 263, 298, 322, 340, 367, 388, 402, 430, 431, 494
11, 39, 69, 81, 152, 191, 235, 245, 277, 293, 360, 403, 444
26, 47, 78, 81, 87, 146, 154, 160, 187, 274, 325, 335, 402, 405, 412, 414, 432, 477, 497
3, 33, 63, 132, 159, 175, 216, 221, 273, 318, 329, 416, 420, 432, 444, 485, 495
14, 97, 117, 121, 148, 316, 322, 328, 432, 435, 439, 444, 453, 464, 480
17, 42, 118, 119, 127, 142, 154, 192, 209, 210, 219, 233, 255, 289, 336, 397, 471, 480
13, 69, 85, 114, 127, 137, 146, 170, 190, 259, 318, 336, 375, 402, 439, 472, 490, 496
7, 36, 100, 118, 123, 129, 132, 135, 147, 167, 261, 281, 293, 303, 318, 399, 402, 459, 472, 480, 491
116, 132, 137, 146, 169, 238, 246, 259, 272, 280, 402, 446, 495
8, 11, 43, 73, 112, 116, 132, 138, 192, 222, 231, 240, 246, 283, 346, 360, 405, 416, 420, 432, 439, 442, 443, 487
38, 99, 114, 123, 144, 180, 188, 248, 255, 274, 277, 321, 339, 342, 350, 416, 418, 420, 425, 444, 459, 464
11, 43, 97, 128, 212, 237, 240, 318, 374, 377, 403
34, 36, 39, 40, 93, 101, 125, 127, 145, 242, 259, 293, 347, 360, 364, 368, 371, 378, 403, 405, 425, 442, 477
5, 132, 133, 140, 146, 300, 318, 325, 366, 377, 379, 472, 497
5, 11, 26, 62, 69, 89, 124, 135, 155, 179, 222, 229, 238, 242, 335, 340, 453, 462, 490, 493
8, 93, 130, 221, 246, 283, 368, 405, 419, 472, 487
17, 18, 74, 136, 166, 248, 261, 272, 286, 325, 330, 336, 416, 423, 431, 444, 488
9, 52, 56, 63, 75, 86, 189, 206, 217, 247, 261, 279, 289, 323, 328, 335, 339, 360, 395, 420, 438, 441
3, 61, 63, 83, 85, 123, 137, 147, 150, 170, 250, 266, 316, 326, 336, 371, 444
14, 38, 61, 63, 100, 109, 114, 147, 170, 203, 374, 387, 391, 416, 453, 471, 473, 490, 493
83, 92, 124, 150, 217, 379
86, 139, 157, 171, 231, 242, 300, 344, 368, 374, 481
6, 14, 86, 154, 191, 361, 432, 495
21, 36, 73, 124, 170, 173, 181, 186, 206, 231, 259, 263, 268, 284, 300, 328, 362, 402, 416, 460, 471
49, 61, 87, 131, 132, 179, 238, 289, 307, 382, 404, 412, 439, 444, 464, 487
63, 124, 142, 146, 179, 211, 243, 274, 289, 319, 339, 374, 395, 399, 455, 493
71, 104, 144, 169, 172, 289, 326, 331, 346, 446, 455
11, 26, 72, 81, 125, 155, 249, 281, 293, 350, 357, 421, 436, 439, 472
43, 209, 213, 221, 222, 246, 253, 274, 283, 312, 338, 339, 372, 421, 446, 471, 477, 481
18, 67, 152, 174, 178, 326, 425, 426, 458, 486
29, 52, 53, 62, 86, 111, 119, 136, 140, 159, 163, 169, 209, 220, 226, 277, 289, 333, 334, 338, 342, 423, 432, 486, 487
3, 4, 32, 51, 112, 170, 173, 217, 274, 353, 368, 397, 403, 416, 424, 439, 442, 444, 453, 471, 486
17, 43, 46, 63, 87, 132, 170, 259, 289, 319, 335, 338, 353, 374, 397, 410, 411, 412, 420, 472
9, 51, 54, 97, 102, 111, 116, 121, 124, 185, 204, 222, 342, 402, 430
8, 28, 36, 90, 188, 242, 246, 281, 293, 300, 357, 360, 439, 448, 484
25, 55, 97, 136, 190, 219, 221, 222, 238, 293, 306, 316, 337, 348, 385, 409, 422, 439
5, 35, 69, 221, 277, 371
36, 137, 182, 290, 325, 404, 411, 487
3, 17, 67, 85, 91, 137, 148, 167, 170, 281, 330, 371, 444
15, 21, 65, 108, 117, 130, 148, 221, 229, 247, 293, 300, 303, 339, 378, 442, 444
80, 106, 125, 132, 140, 155, 171, 172, 259, 400, 403, 405, 435, 436, 456, 490
0, 8, 19, 29, 63, 214, 326, 446
8, 18, 87, 96, 161, 193, 281, 282, 319, 333, 374, 405, 412, 416, 437, 484
14, 68, 71, 89, 95, 108, 117, 119, 132, 144, 148, 172, 217, 221, 259, 360, 385, 405, 444
11, 36, 83, 132, 133, 144, 242, 283, 298, 313, 329, 335, 359, 371, 377, 399, 404, 416, 420, 424
69, 86, 222, 272, 306, 402, 435
87, 106, 144, 169, 221, 234, 263, 277, 432, 444
12, 27, 69, 87, 102, 144, 163, 222, 257, 293, 317, 322, 335, 371, 455, 495
0, 13, 86, 108, 114, 120, 145, 319, 325, 335, 369, 405, 437, 444, 456
33, 34, 74, 85, 112, 117, 266, 389, 399, 402, 414, 471, 477
60, 72, 95, 111, 130, 214, 219, 259, 260, 261, 293, 321, 338, 374, 378, 381, 403, 404, 432
0, 39, 47, 61, 69, 90, 101, 126, 173, 214, 230, 259, 318, 319, 338, 395, 412, 432, 477, 491
18, 61, 119, 139, 221, 226, 255, 259, 268, 273, 276, 325, 336, 402, 413, 430, 444, 455, 472
81, 123, 179, 188, 252, 280, 402
11, 17, 29, 34, 35, 48, 50, 69, 100, 109, 118, 130, 131, 138, 144, 193, 295, 338, 344, 360, 414, 416, 419, 420, 432, 471
23, 38, 142, 212, 229, 236, 335, 360, 371, 374, 473
17, 66, 67, 93, 147, 167, 168, 170, 173, 191, 192, 231, 247, 260, 281, 318, 340, 442, 472, 481
28, 35, 38, 85, 87, 123, 183, 205, 254, 319, 371, 402, 416, 444, 493
28, 36, 62, 119, 216, 221, 222, 263, 344, 348, 377, 383, 405, 421, 486
38, 123, 233, 456, 498
16, 23, 38, 71, 78, 83, 106, 116, 124, 147, 164, 166, 171, 192, 198, 235, 243, 247, 281, 326, 399, 432, 444, 450, 455, 456, 483
17, 39, 63, 104, 129, 154, 159, 170, 189, 191, 199, 246, 281, 309, 326, 341, 348, 353, 385, 412, 490
36, 48, 132, 347, 395, 397, 435, 472
12, 36, 48, 69, 74, 119, 127, 129, 143, 182, 216, 272, 274, 322, 374, 377, 403, 416, 432, 446, 464, 471, 472, 481
8, 15, 36, 72, 112, 132, 157, 185, 238, 266, 330, 359, 360, 380, 455, 472
8, 107, 117, 127, 172, 183, 247, 403, 471
6, 10, 61, 87, 100, 170, 246, 329, 374, 403, 432, 437, 446, 455
9, 10, 43, 80, 130, 179, 209, 214, 274, 362, 446, 450, 482, 493
38, 47, 188, 209, 210, 238, 240, 289, 316, 320, 340, 404, 416, 432, 471
78, 107, 132, 229, 241, 277, 409, 497
38, 73, 126, 154, 159, 170, 198, 234, 238, 246, 277, 289, 292, 314, 336, 380, 399, 444, 455, 477
8, 10, 73, 87, 91, 109, 132, 147, 201, 226, 300, 359, 421, 423
26, 28, 38, 63, 83, 101, 109, 142, 212, 229, 248, 274, 318, 375, 389, 405, 409, 443, 471, 486
72, 154, 179, 209, 231, 248, 356, 367, 368, 397, 410, 416, 444
19, 25, 35, 144, 150, 169, 215, 219, 226, 281, 309, 371, 409, 412, 420, 445, 472
12, 29, 36, 87, 104, 137, 155, 201, 209, 238, 240, 248, 254, 337, 371, 389, 399, 442, 445
3, 12, 85, 138, 167, 170, 208, 354, 371, 495
17, 19, 36, 66, 78, 87, 132, 155, 192, 216, 227, 235, 252, 277, 298, 423, 444, 471, 472
299, 335, 405, 420, 444, 497
60, 66, 85, 148, 155, 183, 189, 298, 316, 347, 360, 403, 482
3, 36, 42, 67, 91, 99, 132, 140, 192, 216, 266, 306, 330, 348, 385, 480, 490
36, 63, 89, 107, 138, 147, 187, 203, 321, 360, 374, 387, 405, 412
6, 8, 69, 125, 154, 160, 161, 214, 219, 222, 274, 309, 315, 381, 395, 437, 484, 490
7, 36, 106, 147, 171, 221, 259, 307, 323, 374, 400, 419, 422, 437, 490
9, 86, 123, 154, 222, 226, 267, 293, 303, 318, 405, 441
67, 121, 124, 127, 132, 169, 180, 192, 205, 229, 246, 281, 283, 339, 346, 367, 371, 486
8, 87, 93, 116, 130, 240, 266, 276, 300, 302, 336, 338, 353, 359, 377, 395, 400, 486, 493
3, 29, 85, 119, 125, 155, 167, 185, 236, 277, 374, 377, 397, 410, 476, 492
0, 61, 137, 210, 224, 252, 437, 463, 469, 471, 487
70, 73, 132, 222, 258
3, 8, 42, 67, 95, 108, 121, 139, 178, 192, 255, 319, 377, 423, 447, 459, 463
10, 29, 90, 123, 124, 150, 171, 192, 210, 221, 307, 331, 360, 449
11, 123, 148, 168, 170, 178, 245, 246, 293, 294, 316, 403
69, 188, 222, 238, 261, 290, 292, 395, 446, 487
38, 43, 61, 63, 117, 120, 123, 147, 170, 201, 209, 283, 357, 378, 389, 419, 446, 464
73, 87, 104, 117, 142, 169, 189, 217, 267, 298, 403, 422, 448, 463, 482, 488
6, 28, 40, 87, 89, 124, 168, 174, 214, 218, 219, 238, 247, 259, 260, 294, 298, 353, 377, 397, 398, 409, 416, 422, 423, 491, 494, 495
72, 100, 116, 132, 147, 171, 192, 229, 299, 334, 354, 364, 402, 423, 495
7, 55, 63, 68, 76, 93, 102, 103, 121, 137, 216, 269, 293, 325, 368, 377, 402, 403, 415, 418, 422, 439, 455, 460, 473, 490
8, 28, 29, 72, 123, 171, 214, 265, 281, 335, 350, 367, 412, 490
51, 52, 63, 173, 221, 402, 449
3, 9, 29, 40, 69, 74, 120, 171, 233, 281, 293, 300, 337, 383, 402, 418, 442, 444, 446, 459
55, 81, 98, 106, 205, 209, 238, 292, 377, 382, 399, 439, 441, 450
36, 49, 153, 155, 247, 325, 487, 491
0, 11, 29, 40, 130, 167, 168, 187, 188, 238, 240, 281, 300, 353, 360, 422, 423, 432, 439, 464
25, 28, 62, 180, 183, 204, 205, 209, 213, 221, 227, 234, 311, 371, 374, 450, 464
60, 63, 69, 138, 139, 144, 185, 242, 249, 281, 318, 319, 368, 374, 387, 397, 432, 443, 462
8, 38, 72, 87, 116, 123, 140, 157, 179, 183, 204, 229, 259, 274, 300, 410, 436
39, 95, 127, 140, 183, 222, 248, 281, 371, 405, 444
9, 11, 43, 80, 107, 124, 221, 238, 246, 289, 298, 300, 336, 350, 404, 441
155, 209, 266, 416, 456
63, 67, 81, 85, 87, 214, 289, 298, 306, 342, 361, 403, 416, 442, 464, 494
39, 51, 67, 75, 132, 148, 215, 274, 281, 283, 286, 316, 334, 344, 359, 360, 374, 377, 405, 432, 455, 456
9, 48, 67, 89, 99, 312
33, 43, 72, 89, 192, 240, 344, 420, 487, 490
21, 63, 140, 233, 331, 342, 360, 368, 372, 443, 454, 456, 480
28, 63, 67, 85, 87, 106, 135, 200, 247, 267, 314, 336, 338, 368, 464, 491
9, 23, 35, 78, 103, 169, 238, 267, 318, 325, 400, 416, 419, 447, 471
3, 21, 27, 28, 42, 80, 112, 214, 221, 248, 300, 400, 420, 491
36, 87, 118, 166, 263, 353
29, 127, 140, 222, 303, 306, 348, 414, 495
8, 26, 28, 35, 109, 124, 139, 163, 173, 188, 227, 238, 242, 273, 326, 367, 399, 480, 492
47, 61, 173, 230, 259, 318, 319, 338
67, 148, 150, 229, 272, 293, 318, 388, 490
14, 17, 100, 146, 192, 208, 219, 289, 399, 403, 439, 456, 492
8, 35, 36, 59, 80, 100, 115, 129, 131, 132, 160, 169, 250, 334, 405, 414, 442, 444, 455, 459
13, 34, 39, 104, 168, 169, 205, 221, 248, 259, 283, 325, 336, 366, 368, 418, 472
39, 40, 63, 87, 117, 125, 127, 142, 154, 160, 248, 259, 284, 336, 443
35, 50, 70, 97, 112, 124, 127, 179, 219, 281, 300, 318, 346, 416, 484, 494
48, 70, 169, 215, 326, 353, 371, 439, 456, 483
21, 75, 81, 103, 121, 135, 138, 148, 155, 214, 221, 246, 254, 260, 293, 310, 378, 403, 423, 431, 442, 473, 486
38, 42, 50, 123, 135, 152, 210, 215, 219, 222, 289, 297, 319, 335, 354, 360, 368, 387, 388, 389
86, 106, 112, 142, 146, 169, 248, 371, 404, 425, 442
11, 116, 119, 142, 144, 145, 148, 154, 217, 222, 246, 281, 289, 353, 376, 412, 456, 477
27, 49, 108, 118, 127, 130, 148, 178, 246, 259, 309, 374, 403, 425, 446, 490
25, 34, 63, 66, 117, 119, 123, 135, 150, 169, 176, 185, 322, 326, 334, 371, 418
33, 35, 38, 40, 112, 127, 170, 402, 438, 439, 456, 457, 471, 473
27, 81, 109, 118, 125, 145, 154, 219, 222, 228, 281, 331, 398
28, 39, 81, 87, 108, 117, 124, 188, 221, 368, 420
107, 124, 142, 179, 280, 292, 324, 325, 334, 395, 416, 421, 486
13, 21, 40, 85, 117, 123, 130, 154, 203, 238, 242, 293, 300, 335, 337, 338, 346, 366, 368, 388, 405, 409, 419, 481, 483, 485
0, 36, 71, 81, 87, 95, 117, 127, 132, 159, 201, 274, 311, 318, 337, 387, 388, 404, 438, 443, 444, 490
19, 119, 137, 148, 159, 193, 248, 281, 314, 340, 350, 423, 444, 486, 497
17, 85, 116, 226, 378
48, 94, 132, 147, 163, 172, 219, 306, 318, 360, 374, 395, 467, 484, 490
0, 17, 61, 72, 119, 123, 127, 193, 318, 420, 481
38, 60, 69, 118, 125, 170, 185, 229, 274, 320, 338, 418, 463, 471
28, 93, 119, 127, 213, 238, 248, 281, 289, 300, 316, 336, 360, 400, 428, 437, 441, 490
8, 38, 87, 108, 133, 137, 160, 182, 226, 238, 246, 280, 281, 293, 347, 360, 395, 405, 418, 439, 444, 490, 491
46, 111, 221, 229, 259, 261, 293, 306, 329, 378, 429, 446, 495
3, 14, 26, 68, 100, 101, 127, 212, 238, 246, 286, 334, 339, 371, 377, 385, 402, 404, 432, 436, 471
14, 25, 63, 81, 86, 87, 117, 125, 169, 207, 238, 266, 298, 353, 405, 420, 423, 472
69, 130, 144, 147, 214, 221, 237, 248, 354, 359, 360, 399, 416
34, 47, 69, 116, 174, 188, 199, 217, 295, 298, 300, 377, 395, 424, 442, 446, 471
28, 85, 87, 106, 135, 247, 267, 314, 336, 368, 464
11, 38, 106, 125, 179, 217, 281, 293, 350, 389, 396, 404, 405, 415, 429, 439, 471, 472
11, 63, 93, 125, 230, 242, 293, 358, 405, 412, 438, 439, 495
14, 40, 47, 60, 75, 80, 85, 86, 142, 166, 170, 188, 228, 238, 280, 281, 319, 324, 370, 414, 416, 425, 447
69, 117, 306, 354, 431, 455
111, 120, 150, 163, 432
43, 172, 238, 298, 336, 403, 416, 420, 442
29, 38, 50, 66, 78, 97, 112, 203, 213, 278, 283, 353, 359, 443
33, 38, 42, 48, 140, 147, 192, 221, 368, 412, 488
4, 11, 38, 72, 109, 116, 135, 137, 140, 179, 204, 238, 242, 259, 273, 316, 318, 410, 443
4, 39, 85, 89, 125, 185, 266, 403, 410, 422, 479
78, 80, 168, 217, 233, 243, 248, 374, 480, 490, 497
61, 66, 87, 101, 104, 117, 132, 148, 150, 154, 191, 228, 241, 247, 267, 283, 285, 289, 321, 336, 337, 346, 359, 371, 423
38, 85, 259, 444, 454
47, 182, 240, 277, 303, 318, 329, 368, 382, 403, 443, 459
61, 63, 81, 100, 145, 210, 446, 472, 493
28, 193, 215, 238, 365, 421, 472
25, 36, 86, 101, 132, 160, 241, 281, 293, 297, 303, 338, 444, 490, 491
0, 3, 9, 24, 83, 148, 153, 190, 233, 405, 418, 451
39, 69, 96, 132, 140, 197, 200, 274, 309, 317, 334, 378, 397, 404, 444, 456
8, 14, 17, 42, 52, 83, 86, 123, 145, 146, 222, 228, 229, 353, 360, 374, 423, 432, 471
63, 87, 107, 227, 249, 416, 454
29, 55, 71, 97, 132, 136, 137, 142, 147, 168, 222, 242, 246, 293, 300, 306, 325, 382, 400, 409, 431, 495
29, 46, 80, 87, 123, 199, 248, 274, 289, 420, 446, 494, 499
61, 87, 89, 131, 141, 155, 188, 192, 238, 404, 412, 422, 437, 464
21, 40, 60, 71, 87, 123, 127, 132, 147, 174, 179, 185, 209, 217, 240, 293, 490
23, 40, 86, 93, 127, 139, 167, 219, 246, 255, 281, 309, 416, 425, 466, 481
9, 48, 119, 132, 155, 180, 209, 213, 228, 231, 240, 259, 274, 300, 325, 344, 360, 378, 395, 399, 405, 426, 428, 444, 472, 486
14, 39, 42, 48, 63, 100, 115, 124, 138, 209, 215, 220, 238, 242, 274, 278, 328, 430, 436, 477, 479, 490
53, 73, 109, 116, 132, 143, 208, 222, 344, 413, 439
17, 63, 89, 119, 137, 259, 263, 272, 316, 432, 467
23, 31, 63, 69, 86, 121, 127, 138, 213, 227, 255, 293, 325, 338, 344, 364, 375, 384, 399, 418, 436, 446, 490
128, 222, 289, 335, 337, 368, 387, 396, 418, 430, 439, 442, 444, 451, 456, 471
11, 28, 38, 57, 67, 99, 107, 154, 171, 222, 238, 247, 283, 286, 399, 402, 405, 444
106, 213, 234, 238, 336, 432
38, 70, 111, 171, 172, 183, 190, 242, 259, 266, 291, 294, 314, 402, 418, 444
71, 132, 183, 231, 243, 246, 259, 371, 374, 377, 399
38, 119, 180, 238, 300, 332, 469, 472
3, 43, 62, 123, 126, 154, 230, 285, 368, 404, 442
22, 35, 111, 121, 127, 130, 140, 144, 222, 238, 322, 325, 329, 331, 360, 397, 404, 412, 425, 432, 439, 472, 492
51, 63, 127, 132, 135, 154, 220, 221, 226, 255, 283, 289, 328, 335, 430, 482
21, 48, 107, 142, 293, 325, 348, 374, 392, 472, 477, 482
8, 20, 39, 40, 95, 169, 206, 326, 337, 374, 416, 418, 432, 442, 471
0, 14, 28, 36, 46, 66, 68, 70, 89, 145, 188, 201, 214, 221, 247, 294, 299, 335, 379, 387, 412, 474, 477
38, 63, 127, 154, 168, 170, 171, 218, 226, 327, 416, 424, 436, 445, 483
8, 80, 119, 127, 193, 281, 293, 385, 416, 420, 444, 480, 490
85, 116, 213, 216, 283, 374, 378, 442, 453, 487
6, 11, 17, 26, 51, 122, 127, 132, 133, 154, 222, 259, 261, 333, 353, 437, 438, 443, 444, 477, 481
8, 21, 36, 38, 56, 63, 89, 106, 109, 116, 127, 137, 155, 189, 198, 238, 259, 274, 319, 326, 443, 480, 482
66, 78, 83, 100, 112, 116, 132, 140, 146, 150, 172, 199, 214, 281, 293, 338, 366, 374, 432, 434, 456, 490
17, 36, 38, 85, 93, 122, 123, 124, 127, 220, 234, 238, 257, 323, 329, 359, 371, 389, 409, 443, 445, 499
11, 38, 51, 63, 83, 132, 187, 193, 199, 214, 229, 248, 277, 287, 344, 387, 400, 476
35, 61, 67, 116, 125, 137, 146, 161, 201, 221, 344, 353, 360, 374, 404, 405, 455
132, 146, 188, 331, 399, 416, 422, 443, 451
9, 10, 41, 47, 69, 111, 127, 147, 154, 191, 218, 234, 300, 377, 467, 471, 490
20, 139, 150, 323, 339, 432, 436, 438, 497
28, 36, 119, 216, 221, 222, 263, 377, 405
7, 8, 35, 38, 69, 117, 130, 145, 150, 182, 222, 266, 299, 339, 350, 360, 418, 471
11, 38, 63, 81, 123, 135, 188, 306
6, 14, 29, 116, 127, 182, 256, 267, 353, 371, 420, 467, 471, 472
132, 160, 169, 190, 247, 360, 378, 437, 472
11, 38, 48, 139, 306, 318, 395, 421, 425, 444, 467, 484, 490
50, 202, 208, 216, 337, 344, 368, 409, 437, 439, 447
3, 28, 45, 63, 85, 117, 170, 173, 217, 246, 274, 353, 375, 377, 378, 403, 416, 471, 477
11, 43, 152, 281, 306, 432
7, 21, 28, 87, 261, 289, 306, 316, 360, 400, 416, 428, 437, 441, 472
63, 138, 187, 203, 335, 387, 405, 412, 425
4, 61, 63, 81, 90, 100, 104, 145, 160, 201, 319, 344, 419, 446, 461, 472
17, 61, 104, 125, 126, 127, 132, 192, 217, 281, 286, 318, 330, 352, 412, 416
8, 11, 62, 80, 102, 132, 238, 241, 246, 266, 283, 288, 300, 325, 326, 338, 344, 374, 422, 470
5, 27, 81, 109, 118, 125, 138, 145, 150, 154, 192, 201, 209, 219, 222, 228, 281, 286, 331, 387, 398
3, 87, 112, 170, 221, 246, 289, 291, 292, 318, 377
48, 163, 188, 204, 221, 246, 284, 325, 326, 368, 371, 382, 402, 474, 478
42, 83, 86, 188, 209, 246, 353, 444, 482
17, 83, 85, 90, 100, 106, 132, 144, 155, 169, 191, 209, 222, 234, 248, 263, 285, 289, 329, 360, 443, 444, 471, 480
18, 29, 47, 87, 124, 144, 154, 219, 231, 272, 335, 350, 405, 420, 421, 433, 445, 466, 490
7, 36, 73, 87, 132, 212, 221, 307, 323, 326, 377, 405, 419, 422, 437, 463, 494, 499
8, 11, 36, 48, 56, 83, 106, 118, 195, 221, 238, 246, 266, 306, 322, 385, 414, 487
11, 51, 80, 83, 187, 188, 214, 229, 246, 277, 360, 395, 418, 420, 456
28, 51, 69, 85, 87, 117, 123, 127, 159, 170, 171, 274, 298, 330, 368, 416, 423, 432, 438, 444, 480
71, 169, 170, 182, 183, 211, 222, 226, 234, 387, 397, 400, 490
36, 43, 62, 87, 116, 125, 132, 238, 325, 371, 382, 414, 423, 439, 483, 492
11, 21, 80, 203, 214, 238, 242, 316, 319, 366, 368, 416, 456, 471
13, 38, 39, 40, 53, 93, 108, 132, 139, 183, 234, 254, 323, 353, 425, 432, 444, 486
109, 112, 127, 142, 152, 348
132, 146, 188, 231, 331, 354, 371, 399, 416, 422, 423, 443, 451, 471
281, 422, 423, 432, 439
50, 81, 154, 159, 188, 302, 412, 425, 470
8, 116, 123, 164, 214, 274, 337, 484, 493
11, 38, 66, 80, 87, 89, 93, 109, 142, 176, 187, 214, 236, 285, 298, 352, 362, 414, 428, 466, 471
55, 71, 97, 132, 136, 147, 169, 221, 246, 295, 306, 318, 325, 382, 400, 409, 422, 436, 471
16, 29, 87, 112, 127, 204, 219, 490
21, 28, 67, 85, 123, 137, 214, 222, 229, 242, 338, 364, 368, 374, 385, 389, 416
63, 107, 108, 169, 188, 280, 292, 293, 336, 344, 374, 402, 420, 430, 432
14, 69, 112, 132, 178, 192, 193, 257, 281, 382, 414, 444
11, 62, 170, 221, 222, 416, 420
8, 11, 38, 57, 68, 107, 154, 171, 222, 250, 277, 286, 309, 399, 404, 405, 442, 444
62, 87, 100, 117, 127, 171, 222, 248, 360, 439, 480, 487
3, 11, 28, 34, 188, 240, 247, 248, 289, 309, 337, 339, 378, 395, 402, 431, 459, 472
49, 71, 72, 88, 108, 120, 235, 241, 246, 260, 289, 319, 431
14, 36, 127, 131, 138, 155, 197, 214, 246, 254, 260, 281, 378, 437, 448, 473
74, 121, 139, 178, 192, 238, 293, 316, 330, 387, 395, 399, 459, 463, 472
36, 39, 43, 68, 86, 183, 233, 277, 297, 495
14, 19, 60, 69, 85, 87, 109, 142, 214, 246, 255, 283, 306, 322, 360, 362, 399, 405, 428, 442, 444, 446, 464, 471, 472, 494
33, 74, 95, 119, 125, 127, 154, 172, 183, 192, 294, 311, 335, 371, 437
51, 132, 163, 172, 221, 238, 248, 255, 258, 307, 326, 456, 490
28, 36, 78, 79, 85, 117, 124, 138, 145, 147, 160, 170, 247, 281, 287, 291, 306, 338, 359, 439, 444, 446, 461
8, 28, 32, 63, 142, 155, 170, 171, 188, 215, 221, 274, 289, 303, 387, 398, 403, 446, 472, 480
36, 61, 69, 71, 97, 127, 139, 246, 391, 396, 400, 453, 464, 470, 472, 497
17, 38, 63, 86, 89, 108, 120, 166, 179, 203, 318, 325, 334, 387, 395, 454, 455, 477
28, 39, 192, 227, 246, 405, 432
20, 43, 150, 171, 263, 335, 336, 395, 447, 457, 460, 473
28, 30, 69, 109, 178, 242, 255, 300, 336, 416, 455
25, 142, 166, 209, 222, 238, 348, 422, 439, 459
35, 48, 85, 108, 201, 216, 219, 223, 238, 241, 257, 281, 325, 342, 346, 415, 420, 472, 486, 490
12, 28, 136, 146, 182, 188, 198, 292, 303, 335, 395, 405, 412, 437, 454, 472
8, 47, 63, 72, 73, 120, 169, 208, 216, 217, 221, 222, 235, 242, 306, 319, 337, 402, 472
21, 40, 80, 106, 119, 154, 205, 217, 226, 259, 265, 272, 274, 284, 294, 318, 335, 374, 375, 391, 400, 422, 442, 466
63, 74, 75, 78, 107, 116, 137, 152, 189, 206, 219, 238, 247, 289, 294, 298, 318, 360, 367, 395, 438
34, 81, 95, 127, 132, 227, 230, 337, 339, 357, 425, 442, 456, 490
38, 87, 182, 224, 255, 387, 420, 429, 472, 480, 481
117, 132, 148, 170, 284, 347, 389, 403, 431, 449
55, 71, 107, 126, 147, 154, 234, 252, 292, 300, 353, 399, 472
28, 90, 95, 107, 167, 213, 235, 318, 446, 471
17, 19, 29, 36, 159, 227, 277, 311, 335, 375, 444, 471, 486
15, 36, 38, 124, 129, 132, 146, 147, 192, 221, 246, 300, 360, 421, 437, 451, 497
9, 15, 36, 47, 83, 147, 150, 184, 238, 246, 247, 285, 371, 448, 482, 493
81, 87, 89, 96, 240, 246, 280, 298, 319, 325, 339, 412, 443, 444, 448, 482
123, 124, 132, 148, 412, 416
14, 17, 18, 43, 48, 77, 137, 155, 174, 238, 241, 266, 281, 300, 318, 326, 354, 359, 360, 364, 403, 416, 423, 432, 456, 490, 497
3, 17, 73, 89, 144, 147, 169, 179, 185, 214, 230, 238, 241, 289, 375, 445, 456, 472
36, 55, 101, 150, 170, 221, 316, 412
47, 61, 127, 132, 154, 221, 246, 304, 368, 400, 414, 431
11, 43, 118, 266, 283, 425, 439, 442, 490
25, 63, 148, 168, 180, 227, 338, 421
6, 62, 66, 67, 79, 119, 124, 140, 144, 240, 247, 281, 330, 420, 429, 437
127, 132, 169, 174, 193, 221, 306, 399, 419, 432, 480, 481, 487, 488, 493
9, 17, 25, 40, 48, 60, 79, 89, 98, 127, 192, 209, 212, 216, 221, 266, 277, 281, 368, 372, 422, 437, 451, 490, 497
25, 49, 83, 102, 118, 125, 157, 176, 183, 283, 318, 412, 425, 435, 437, 486, 491
62, 272, 311
21, 140, 169, 188, 357, 444, 478, 482
49, 87, 89, 116, 119, 132, 147, 154, 206, 272, 354, 398, 401, 402, 416
33, 35, 127, 402, 439, 456, 471
3, 28, 50, 67, 118, 137, 150, 209, 219, 278, 291, 301, 318, 403, 416, 418, 488
69, 100, 108, 109, 121, 129, 135, 138, 140, 167, 209, 243, 248, 261, 281, 304, 325, 414, 432, 446, 480
7, 34, 93, 139, 151, 173, 221, 241, 246, 255, 289, 347, 374, 377, 397, 425
9, 29, 49, 112, 132, 146, 188, 331, 344, 359, 361, 399, 416, 422, 443, 451
5, 35, 49, 66, 73, 78, 87, 90, 155, 163, 190, 246, 283, 286, 306, 338, 397, 415, 423, 439, 446, 453, 477, 482, 495
33, 38, 71, 117, 126, 144, 148, 215, 222, 227, 247, 263, 325, 470, 472, 486
28, 123, 188, 221, 234, 248, 255, 274, 339, 420, 425, 432, 464
24, 62, 86, 101, 144, 193, 308, 359, 387, 400, 401, 404, 442, 471, 478
21, 69, 87, 89, 116, 127, 147, 154, 217, 241, 243, 259, 265, 272, 293, 337, 357, 395, 400, 484
11, 38, 50, 69, 119, 136, 195, 209, 221, 231, 233, 234, 238, 242, 272, 405, 420, 437, 443, 486
40, 43, 69, 103, 132, 140, 155, 159, 201, 221, 231, 248, 280, 293, 318, 330, 335, 360, 368, 399, 442, 444, 447
14, 39, 40, 55, 72, 93, 148, 179, 229, 233, 235, 318, 362, 402, 413, 460, 482
8, 36, 48, 98, 107, 120, 142, 193, 217, 237, 263, 281, 412, 432, 439, 447, 461
36, 69, 91, 92, 155, 190, 199, 221, 338, 372, 399, 416, 431, 472, 480, 481, 488
3, 33, 40, 69, 132, 138, 166, 173, 204, 221, 238, 274, 319, 455, 472, 486
81, 124, 133, 142, 163, 168, 263, 283, 291, 293, 299, 333, 344, 414, 418, 422, 430, 437, 472
10, 28, 39, 118, 126, 152, 168, 190, 298, 320, 322, 384, 412, 414, 432, 437, 439
48, 63, 176, 284, 289, 293, 306, 324, 361
11, 17, 83, 132, 144, 163, 193, 214, 219, 229, 247, 277, 281, 289, 347, 371, 377, 412, 496
83, 85, 132, 154, 190, 192, 222, 240, 446, 447, 465
11, 29, 43, 80, 85, 87, 104, 109, 120, 135, 188, 201, 236, 269, 272, 280, 293, 328, 335, 340, 369, 395, 399, 402, 414, 432, 439, 487, 488
38, 224, 258, 270, 274, 377, 402, 453
47, 54, 61, 123, 172, 246, 255, 428, 439, 482
55, 73, 87, 107, 108, 131, 139, 154, 168, 186, 213, 240, 292, 306, 328, 348, 353, 359, 363, 403, 437, 480, 483, 490, 491, 494
14, 44, 49, 81, 127, 130, 166, 192, 198, 222, 246, 259, 326, 446, 453, 495
23, 60, 93, 180, 209, 217, 416
51, 55, 138, 161, 242, 337, 346, 446
19, 28, 117, 123, 149, 160, 245, 277, 281, 326, 422, 445, 446
109, 117, 170, 222, 226, 233, 248, 274, 402, 436, 481, 483
28, 29, 69, 89, 90, 100, 127, 274, 300, 310, 319, 325, 486
18, 55, 71, 76, 112, 130, 145, 192, 372, 490
38, 155, 209, 210, 222, 274, 335, 340, 354, 412, 471, 491
10, 73, 87, 132, 201, 300, 421
70, 92, 117, 147, 150, 182, 270, 294, 312, 370, 444, 472
9, 61, 80, 87, 146, 222, 344, 374, 412, 421, 443, 471, 477, 485
6, 63, 69, 125, 127, 135, 160, 216, 221, 238, 293, 304, 319, 377, 405, 442, 447, 456, 481
13, 14, 18, 55, 66, 71, 76, 130, 145, 192, 199, 204, 242, 317, 325, 387, 490
127, 209, 246, 396, 399, 416, 420
17, 117, 152, 154, 159, 169, 300, 335, 360
80, 107, 124, 132, 357, 412, 450
8, 38, 55, 93, 125, 132, 182, 203, 266, 277, 298, 326, 335, 348, 374, 412, 421, 440, 465
38, 71, 95, 123, 281, 300, 311, 325, 326, 368, 404, 432, 469, 477
29, 60, 72, 150, 192, 222, 286, 316, 324, 405, 412, 436, 442, 444, 450
28, 55, 63, 80, 100, 135, 137, 138, 188, 202, 221, 240, 283, 316, 339, 351, 374, 377, 420, 432, 480
11, 19, 29, 42, 47, 48, 62, 69, 118, 171, 210, 213, 222, 258, 264, 347, 374, 405, 416, 432, 472, 490
38, 68, 78, 106, 107, 139, 153, 163, 188, 224, 277, 281, 282, 304, 420
109, 303, 318, 350, 363, 451
18, 36, 38, 40, 192, 238, 302, 306, 354, 359, 371, 402
10, 35, 214, 284, 289, 360, 430, 446, 480, 481
11, 116, 142, 144, 145, 148, 154, 169, 184, 217, 246, 274, 336, 353, 380, 390, 402, 423, 456, 477
27, 53, 57, 96, 106, 123, 150, 213, 298, 319, 325, 362, 388, 429, 430
41, 66, 145, 157, 220, 251, 255, 283, 322, 328, 409, 430
36, 183, 204, 303, 306, 416, 420, 486, 495
28, 38, 48, 51, 91, 95, 100, 109, 112, 142, 154, 192, 212, 299, 344, 360, 486
36, 93, 119, 127, 238, 248, 281, 289, 300, 336, 357, 360, 439, 448, 484, 490
0, 26, 35, 62, 118, 133, 154, 274, 294, 320, 360, 384, 387, 422, 428
36, 80, 89, 112, 135, 137, 146, 168, 182, 281, 290, 292, 325, 383, 404, 411, 412, 444, 449, 487
17, 51, 123, 129, 138, 150, 229, 481
23, 29, 89, 107, 112, 117, 119, 145, 150, 160, 238, 240, 246, 248, 281, 319, 337, 338, 339, 397, 405, 409, 432, 446, 455, 471
25, 35, 40, 47, 69, 100, 120, 147, 154, 163, 214, 219, 221, 229, 272, 300, 303, 304, 306, 335, 344, 405, 416, 432, 495
3, 13, 35, 38, 42, 83, 89, 127, 128, 144, 188, 209, 482, 487
3, 21, 145, 148, 154, 170, 192, 199, 234, 248, 397, 402, 416, 456, 486
61, 69, 300, 344, 400, 414, 449
26, 41, 42, 49, 50, 67, 70, 81, 124, 129, 180, 189, 210, 217, 274, 291, 324, 471, 487, 490
13, 63, 91, 119, 129, 170, 179, 222, 229, 263, 281, 416, 432, 442, 495
19, 35, 61, 111, 132, 147, 150, 220, 247, 278, 317, 334, 398, 404, 423, 482
63, 100, 116, 127, 163, 169, 319, 335, 342, 439
48, 55, 62, 87, 192, 203, 242, 266, 326, 339, 374, 387, 412, 440
8, 13, 23, 40, 42, 63, 127, 190, 238, 240, 246, 259, 263, 266, 334, 371, 423, 472, 491
16, 60, 69, 116, 123, 124, 126, 163, 194, 281, 311, 403, 424, 472
36, 43, 106, 146, 167, 168, 207, 222, 248, 259, 274, 289, 398, 423, 429, 486, 491
19, 28, 53, 61, 63, 118, 129, 139, 147, 154, 221, 236, 260, 261, 330, 375, 416, 421, 439, 481
42, 63, 67, 68, 93, 145, 163, 209, 222, 240, 266, 335, 344, 352, 418, 471
39, 100, 441, 443, 481
30, 38, 59, 62, 69, 127, 130, 132, 212, 410, 442
5, 28, 42, 66, 89, 116, 117, 145, 155, 163, 188, 197, 209, 214, 219, 248, 335, 336, 368, 432, 494
121, 127, 132, 146, 188, 205, 234, 331, 399, 411, 416, 422, 443, 444, 451
6, 8, 36, 48, 96, 123, 145, 168, 220, 283, 319, 387, 404, 436, 462, 472, 487
10, 11, 100, 130, 137, 178, 182, 219, 259, 274, 326, 339, 432
21, 159, 188, 192, 224, 335, 465
28, 42, 104, 117, 127, 192, 268, 306, 374, 400, 410, 439, 453, 455, 470
11, 14, 89, 110, 132, 154, 160, 187, 221, 319
43, 73, 192, 222, 240, 257, 283, 335, 385, 432, 439, 453, 459, 481, 487
13, 29, 45, 62, 143, 146, 150, 209, 219, 290, 294, 306, 339, 360, 371, 444, 467, 483
45, 48, 83, 142, 205, 209, 221, 241, 268, 278, 324, 337, 348, 360, 402, 423, 446, 464, 486
26, 42, 47, 74, 83, 148, 179, 213, 222, 231, 300, 404, 412, 447, 463
14, 70, 97, 108, 114, 117, 148, 272, 291, 335, 371, 421, 444, 493, 496
25, 62, 119, 132, 179, 204, 227, 243, 311, 358, 374, 399, 416, 442, 464, 497
43, 67, 104, 106, 166, 168, 261, 274, 306, 318, 337, 424, 427, 473
0, 10, 23, 38, 41, 43, 70, 87, 89, 100, 143, 168, 182, 183, 204, 247, 281, 306, 364, 418, 446, 486, 495
42, 213, 291, 404, 412
66, 116, 132, 137, 178, 209, 217, 229, 283, 371, 374, 377, 385, 388, 395, 402, 446, 460, 470, 471, 477
40, 63, 70, 125, 201, 205, 259, 283, 316, 318, 320, 323, 338, 347, 425, 446, 493
6, 14, 33, 55, 69, 119, 127, 132, 173, 217, 259, 281, 331, 334, 354, 358, 360, 395, 410, 424, 441
28, 34, 38, 90, 117, 127, 140, 148, 217, 248, 284, 329, 346, 348, 358, 374, 441, 443, 490
24, 42, 91, 98, 111, 121, 127, 137, 140, 225, 226, 231, 234, 306, 316, 322, 359, 387, 415, 432, 439, 442, 470, 471, 480
10, 21, 38, 139, 472
5, 35, 39, 60, 68, 69, 85, 97, 100, 135, 198, 208, 255, 317, 375, 387, 395, 403, 453, 455, 480
68, 69, 85, 86, 109, 243, 378, 472
10, 16, 38, 69, 73, 87, 93, 106, 108, 117, 147, 152, 221, 234, 306, 328, 330, 354, 368, 398, 404, 431, 455, 495
63, 68, 120, 146, 255, 300, 312, 368, 371, 418, 461
81, 172, 229, 242, 261, 281, 288, 293, 319, 378, 385, 399, 429, 446
45, 97, 215, 269, 300, 316, 377, 382, 432, 444, 464
45, 314, 318, 387, 445
24, 46, 69, 102, 106, 107, 115, 163, 183, 189, 215, 311, 325, 346, 359, 381, 402, 412, 435, 437, 486, 491
46, 60, 63, 80, 199, 233, 248, 259, 289, 344, 359, 375, 389, 420, 446, 456
13, 85, 93, 114, 117, 144, 146, 259, 289, 318, 336, 375, 439, 455, 472
8, 29, 38, 67, 68, 100, 229, 255, 261, 293, 326, 360, 378, 429, 446
38, 48, 61, 66, 118, 154, 191, 227, 248, 326, 335, 368, 372, 387, 395, 403, 405, 423
78, 234, 387, 437, 455, 471, 480
5, 11, 38, 62, 69, 89, 99, 155, 188, 222, 229, 335, 356, 397, 453
38, 116, 150, 171, 243, 246, 261, 277, 353, 453
21, 66, 68, 69, 108, 119, 163, 168, 195, 216, 293, 319, 322, 325, 333, 337, 350, 409, 432, 438
7, 25, 29, 35, 48, 61, 74, 123, 132, 169, 217, 238, 247, 367, 412, 418, 432, 487
11, 34, 83, 118, 179, 204, 293, 328, 429, 447
85, 188, 201, 222, 246, 292, 322, 336, 372, 402, 414, 444, 448, 466
17, 72, 117, 119, 124, 150, 160, 189, 190, 217, 227, 238, 246, 277, 293, 319, 344, 412, 420, 459
55, 60, 75, 112, 170, 255, 263, 293, 416, 425, 442, 447, 490
39, 63, 100, 135, 148, 185, 205, 214, 219, 222, 274, 283, 289, 378, 414, 437, 446, 481
50, 208, 216, 344, 368, 437, 439
8, 28, 47, 132, 186, 281, 371, 471, 472
11, 38, 57, 73, 167, 209, 374, 421, 423, 425, 444, 463
21, 33, 41, 85, 87, 132, 168, 169, 247, 248, 331, 364, 416, 446
69, 78, 86, 87, 89, 103, 163, 190, 201, 247, 318, 324, 338, 403, 419, 422, 431
5, 12, 35, 143, 147, 157, 281, 303, 360, 368, 384, 386, 416, 477, 491, 497
39, 137, 217, 430, 443, 459, 461
11, 17, 33, 40, 63, 87, 116, 154, 160, 179, 183, 199, 217, 247, 248, 259, 340, 368, 395, 405, 447
11, 41, 81, 111, 121, 127, 140, 148, 322, 360, 375, 387, 432, 438, 439, 447, 492
38, 55, 179, 351, 374, 439, 473, 497
34, 217, 295, 300, 377, 402, 442, 471
38, 87, 95, 117, 154, 277, 291, 404, 432, 440, 472
6, 48, 63, 109, 112, 119, 137, 145, 155, 159, 213, 274, 318, 340, 360, 423, 439, 443, 480, 486
17, 33, 47, 63, 87, 90, 104, 112, 123, 137, 150, 154, 170, 182, 205, 222, 238, 338, 360, 371, 400, 403, 414, 477, 490, 497
146, 236, 246, 273, 325, 399, 409, 410, 432, 436
35, 145, 173, 181, 186, 231, 259, 263, 268, 281, 300, 303, 460, 471, 493
7, 26, 41, 42, 49, 50, 57, 63, 81, 97, 119, 154, 164, 248, 281, 289, 291, 368, 405, 431, 437, 446, 494
3, 9, 42, 61, 62, 107, 169, 205, 242, 243, 261, 281, 317, 330, 374, 432, 457, 486, 487
11, 38, 90, 139, 214, 282, 284, 325, 360, 361, 404, 421, 425, 428, 444
38, 39, 42, 73, 132, 140, 233, 238, 297, 338, 360, 405, 416, 420, 444
3, 43, 69, 87, 118, 125, 170, 175, 193, 217, 274, 329, 338, 416, 418, 471
38, 62, 70, 104, 124, 155, 171, 172, 190, 192, 216, 294, 314, 316, 318, 363, 403, 418, 432, 437
38, 81, 85, 221, 246, 248, 330, 414, 471, 490
28, 36, 109, 140, 236, 330, 331, 339, 389
45, 48, 142, 145, 176, 193, 217, 222, 237, 329, 348, 351, 360, 387, 432, 439, 447, 461, 464
17, 43, 51, 63, 123, 124, 129, 138, 147, 150, 205, 268, 366, 369, 400, 416, 436, 471, 481
103, 188, 219, 326, 456
91, 181, 227, 231, 300, 318, 420, 432, 463
40, 80, 116, 140, 178, 221, 222, 231, 238, 274, 307, 326, 335, 374, 375, 400, 436, 444, 497
17, 36, 47, 71, 90, 101, 192, 221, 222, 240, 300, 347, 404, 412, 416, 425, 486
8, 17, 69, 89, 116, 117, 149, 171, 201, 222, 238, 240, 378, 423, 432, 442
17, 69, 83, 127, 150, 154, 191, 242, 289, 339, 412, 432, 444
11, 18, 38, 73, 106, 132, 217, 248, 249, 300, 306, 318, 360, 404, 423, 432, 472
67, 171, 247, 299, 353, 397, 404
38, 69, 86, 96, 119, 123, 136, 155, 214, 233, 234, 238, 263, 272, 284, 344, 388, 395, 403, 405, 437, 494
17, 36, 47, 66, 71, 90, 107, 174, 192, 212, 222, 240, 300, 347, 404, 412, 416
86, 125, 173, 181, 186, 195, 222, 231, 259, 263, 268, 289, 300, 303, 319, 405, 420, 431, 460, 471
9, 72, 74, 78, 80, 117, 127, 240, 335, 340, 391, 420, 426, 456, 487
28, 38, 43, 163, 179, 185, 221, 246, 325, 338, 353, 374, 398, 419, 443
65, 100, 260, 278, 281, 331, 333, 344, 354, 360, 438, 443, 444, 477, 482
14, 19, 63, 69, 81, 159, 183, 259, 274, 283, 293, 297, 360, 377, 405, 414, 422, 432, 439, 455, 472
0, 10, 23, 43, 70, 140, 173, 281, 320, 339, 371, 405, 486
14, 124, 137, 159, 190, 274, 319, 406, 446, 463, 493
39, 137, 217, 430, 443, 459, 461
17, 38, 81, 100, 112, 124, 190, 242, 420
11, 14, 19, 72, 127, 148, 193, 209, 293, 316, 319, 398, 425, 448
43, 69, 113, 116, 163, 221, 246, 300, 325, 326, 382, 429, 480
118, 119, 132, 140, 142, 147, 154, 171, 192, 222, 247, 255, 289, 336, 344, 390, 397, 412, 416, 471, 480
13, 15, 67, 123, 137, 238, 293, 353, 403, 404, 405, 455
45, 62, 146, 150, 209, 219, 257, 294, 467, 483, 487
4, 39, 86, 87, 106, 109, 127, 171, 201, 210, 229, 292, 325, 350, 357, 395, 423, 439, 491, 495
27, 34, 38, 48, 69, 116, 119, 123, 127, 140, 148, 149, 151, 168, 170, 178, 191, 222, 229, 238, 248, 292, 293, 294, 321, 347, 360, 374, 401, 402, 404, 478, 493
6, 8, 29, 36, 60, 67, 87, 104, 112, 209, 222, 259, 324, 366, 420, 446, 463, 481, 483, 493
29, 47, 93, 95, 102, 137, 144, 176, 178, 180, 188, 193, 204, 246, 286, 295, 324, 325, 400, 425, 460, 482
12, 27, 29, 51, 125, 147, 169, 221, 246, 289, 295, 318, 359, 368, 389, 421, 422, 436, 471
3, 62, 69, 78, 83, 85, 97, 111, 116, 117, 132, 137, 154, 226, 242, 281, 299, 339, 359, 371, 410, 432, 442, 444
47, 97, 116, 148, 150, 181, 346, 460, 494
7, 8, 145, 146, 199, 232, 246, 281, 293, 330, 354, 403, 417, 442, 444, 480, 486
21, 36, 61, 87, 144, 179, 274, 326, 327, 330, 339, 416, 455, 472
36, 109, 116, 173, 240, 263, 292, 398
36, 145, 213, 217, 231, 242, 259, 292, 300, 334, 357, 360, 378, 399, 426, 439, 448, 472, 484
4, 95, 104, 127, 145, 221, 416, 430, 494
98, 101, 155, 199, 259, 266, 358, 395, 410, 432, 472, 495
17, 68, 71, 87, 100, 108, 142, 150, 170, 201, 351, 357, 411, 459
8, 12, 47, 61, 173, 191, 230, 242, 259, 306, 318, 319, 377, 420
25, 35, 63, 147, 163, 168, 180, 227, 246, 259, 338, 421, 444, 488
26, 72, 78, 81, 155, 234, 248, 249, 293, 357, 387, 421, 436, 437, 455, 471, 472, 480
0, 38, 62, 78, 85, 89, 100, 102, 127, 160, 169, 222, 289, 300, 320, 346, 360, 366, 375, 432, 480
45, 63, 112, 117, 181, 203, 259, 274, 402, 471, 478
11, 36, 80, 231, 374, 425
11, 19, 29, 69, 102, 118, 171, 213, 221, 259, 318, 374, 405, 424, 436, 472, 490
3, 11, 39, 63, 102, 117, 123, 124, 160, 168, 214, 222, 274, 303, 306, 395, 442, 443
11, 19, 43, 93, 124, 129, 135, 188, 269, 328, 439, 481
28, 119, 123, 132, 154, 293, 324, 353, 374, 497
51, 145, 197, 222, 238, 252, 318, 360, 368, 399
85, 87, 281, 374, 378, 403, 410, 418, 447
8, 93, 115, 124, 159, 167, 221, 228, 246, 252, 303, 374, 387, 461
49, 132, 179, 255, 289, 307, 382, 384, 385, 402, 418, 421, 439, 444, 487
43, 47, 103, 144, 188, 231, 255, 281, 300, 385, 402, 455, 494
10, 18, 72, 89, 142, 160, 209, 226, 259, 281, 309, 318, 404, 484
3, 8, 14, 36, 43, 69, 80, 100, 115, 129, 131, 154, 178, 238, 250, 268, 281, 323, 362, 368, 405, 444
28, 117, 132, 143, 155, 222, 387, 412, 432, 447, 477
124, 129, 180, 217, 236, 246, 273, 274, 324, 399, 410, 432, 436, 456, 487
94, 132, 147, 163, 172, 209, 219, 360, 374
32, 89, 148, 300, 360, 432
29, 102, 217, 261, 289, 335, 375, 442, 486
107, 155, 214, 248, 289, 316, 320, 353, 374, 432, 446, 472
22, 87, 151, 159, 221, 291, 329, 356, 416, 481
85, 109, 140, 186, 243, 248, 283, 319, 325, 414, 446, 469, 485, 490, 493
9, 63, 87, 155, 246, 268, 277, 293, 314, 318, 351, 364, 395, 399, 418, 466, 471, 493
27, 32, 89, 92, 99, 106, 110, 148, 154, 168, 216, 300, 318, 368, 404, 412, 463
142, 169, 491
13, 36, 40, 117, 123, 140, 146, 147, 154, 191, 222, 235, 247, 265, 308, 403, 410, 412, 431, 437, 481
0, 9, 52, 62, 92, 150, 163, 204, 208, 213, 328, 360, 371, 376, 377, 404, 453, 491, 492
3, 77, 107, 112, 154, 155, 197, 248, 289, 316, 320, 387, 397, 419, 432, 446, 455, 471
48, 87, 147, 179, 222, 238, 272, 313, 318, 322, 395, 442, 455
29, 47, 85, 86, 89, 107, 121, 124, 143, 154, 205, 222, 233, 238, 248, 272, 281, 339, 410, 420, 445, 472, 486
54, 81, 87, 132, 240, 255, 287, 387, 421, 435, 439, 495
3, 11, 18, 39, 69, 70, 83, 85, 137, 167, 246, 371, 403, 444, 472
61, 85, 93, 259, 293, 378
67, 69, 155, 160, 163, 293, 360, 429, 445
13, 39, 43, 68, 69, 93, 104, 107, 121, 141, 147, 161, 188, 203, 222, 238, 273, 298, 302, 317, 320, 352, 354, 360, 368, 372, 414, 439, 481, 497
11, 49, 89, 117, 247, 324, 353, 397, 412, 442, 482
87, 127, 175, 242, 281, 306, 319, 397, 446, 451, 461, 472
24, 26, 49, 104, 107, 109, 140, 151, 166, 219, 259, 260, 284, 318, 322, 328, 338, 347, 381, 402, 430, 437, 443, 473
1, 29, 43, 112, 132, 204, 221, 228, 246, 291, 360, 368, 374, 390, 477, 488
36, 69, 132, 135, 208, 307, 317, 395, 397, 435, 454, 480, 491
17, 78, 100, 168, 208, 289, 344, 374, 439, 441, 456
2, 52, 72, 87, 127, 138, 146, 242, 321, 339, 431, 432, 477, 486, 497
61, 93, 107, 185, 329, 344, 405, 428, 459, 480
62, 80, 147, 238, 283, 339, 353, 360, 377, 404
21, 36, 87, 121, 123, 127, 137, 161, 203, 222, 242, 274, 352, 353, 364, 397
11, 28, 102, 221, 226, 259, 274, 318, 424, 436, 487
33, 81, 127, 163, 212, 281, 402, 415, 419, 432
117, 133, 138, 146, 201, 247, 274, 445
17, 24, 57, 63, 80, 81, 146, 150, 189, 206, 224, 246, 289, 293, 298, 360, 368, 374, 395, 399, 402, 419, 438, 444, 459
8, 36, 39, 51, 66, 109, 213, 245, 266, 274, 281, 286, 401, 405, 423
17, 38, 39, 68, 170, 189, 191, 223, 341, 472, 486
5, 41, 80, 86, 138, 186, 190, 233, 322, 359, 374, 450, 480, 485, 493, 495
40, 69, 83, 306, 402
19, 28, 35, 124, 140, 159, 170, 193, 232, 241, 318, 346, 404, 416, 420
7, 38, 61, 63, 68, 108, 117, 120, 147, 150, 268, 281, 318, 374, 420, 425, 439, 444, 463, 472, 484, 490
8, 34, 40, 131, 132, 192, 221, 260, 373, 387, 399, 418, 425, 464, 491
3, 38, 59, 81, 120, 137, 148, 318, 374, 375, 420, 442
21, 150, 159, 188, 192, 224, 281, 303, 326, 335, 352, 465, 486
7, 36, 63, 102, 148, 326, 385, 446, 480, 487
40, 85, 98, 109, 112, 148, 227, 236, 291, 347, 400, 420, 455, 481, 497
43, 52, 146, 154, 163, 170, 261, 273, 326, 381, 387, 388, 414, 444, 472, 483, 490
17, 35, 66, 104, 132, 167, 216, 259, 277, 298, 322, 344, 374, 464, 472
7, 38, 62, 63, 89, 117, 146, 181, 183, 233, 234, 261, 318, 335, 340, 395, 437, 442
33, 35, 70, 71, 85, 127, 206, 260, 289, 310, 311, 319, 348, 402, 425, 439, 443, 456, 471
8, 39, 51, 62, 63, 91, 109, 133, 147, 160, 221, 226, 306, 352, 359, 423
3, 69, 109, 123, 171, 233, 300, 383, 398, 402, 443, 446, 451, 459, 480
3, 7, 16, 28, 61, 80, 87, 100, 137, 195, 201, 205, 216, 229, 238, 339, 359, 372, 373, 399, 402, 405, 425, 432, 439, 444, 459, 460, 477, 490
48, 66, 85, 97, 140, 166, 169, 179, 188, 328, 409, 437, 442, 444, 446, 471, 487, 493
10, 14, 36, 39, 42, 80, 202, 221, 281, 360, 399, 432
33, 48, 63, 83, 89, 101, 127, 154, 155, 178, 267, 300, 375, 399, 420, 439, 456, 493, 495
4, 61, 66, 192, 403, 418, 425, 443, 487
13, 43, 48, 59, 95, 100, 107, 146, 148, 163, 188, 209, 227, 259, 273, 319, 331, 402, 403, 416, 439, 444, 463, 480
38, 48, 67, 182, 238, 280, 295, 336, 347, 395, 402, 463, 490, 497
7, 63, 78, 154, 203, 252, 261, 281, 307, 322, 360, 445, 471, 490
4, 69, 146, 221, 236, 281, 295, 334, 335, 360, 437, 453, 455, 464
193, 221, 478
28, 40, 47, 57, 59, 119, 132, 142, 166, 188, 189, 199, 213, 238, 240, 260, 289, 293, 316, 320, 388, 404, 409, 415, 416, 432, 456
39, 41, 68, 148, 155, 179, 221, 246, 459
42, 68, 112, 117, 154, 172, 219, 247, 280, 282, 296, 303, 368, 398, 405, 418, 419, 432, 449
4, 273, 325, 371, 416, 482
10, 42, 73, 87, 137, 168, 231, 246, 247, 259, 300, 318, 404, 416, 421, 454
28, 79, 87, 118, 204, 216, 237, 298, 299, 335, 385, 405, 415, 416, 419, 420, 425, 441, 444, 464, 486, 497
38, 60, 120, 137, 219, 272, 293, 300, 318, 319, 335, 353, 405, 412, 432, 443, 460, 495
39, 52, 62, 101, 119, 128, 150, 155, 181, 274, 334, 347, 374, 398, 491
11, 38, 43, 69, 97, 137, 138, 155, 194, 212, 237, 240, 304, 318, 374, 377, 403, 432
42, 61, 63, 73, 112, 192, 222, 240, 261, 283, 344, 346, 374, 395, 412, 421, 432, 471, 485, 487
51, 60, 63, 116, 132, 144, 145, 170, 179, 215, 219, 233, 259, 344, 375, 389, 391, 420, 456
14, 67, 68, 96, 104, 109, 116, 192, 309, 328, 347, 374, 399, 444, 471, 489
17, 66, 91, 167, 170, 192, 209, 281, 318, 340, 395
237, 299, 335, 405, 420, 497
62, 69, 103, 107, 117, 139, 154, 261, 300, 306, 354, 380, 418, 420, 431, 455
39, 63, 77, 83, 85, 109, 186, 209, 283, 318, 319, 337, 364, 404, 405, 418, 444, 469, 471, 485, 490, 493
4, 11, 35, 49, 132, 259, 471, 490
28, 76, 103, 116, 205, 212, 334, 357, 360, 449, 450, 481
73, 87, 132, 138, 146, 281, 403, 442, 445, 471, 473, 483, 486
42, 49, 127, 168, 197, 216, 246, 267, 298, 339, 359, 395
69, 78, 85, 116, 311, 339, 366, 399, 405, 425, 432
7, 17, 38, 117, 169, 170, 183, 191, 204, 211, 246, 247, 277, 282, 283, 335, 358, 360, 397, 405, 412, 420, 432, 453, 490
11, 18, 52, 63, 78, 132, 167, 209, 211, 214, 255, 309, 335, 348, 351, 374, 424, 455, 484, 490
69, 85, 86, 87, 111, 132, 144, 150, 219, 220, 247, 277, 300, 317, 334, 356, 404, 446, 472
22, 28, 62, 69, 146, 179, 198, 294, 322, 368, 463
38, 81, 87, 90, 221, 227, 242, 259, 360, 399, 403, 418, 420, 473
20, 21, 26, 36, 48, 55, 123, 132, 147, 188, 197, 213, 230, 238, 261, 265, 289, 330, 372, 412, 492
23, 34, 48, 93, 112, 119, 221, 230, 316, 326, 328, 423, 444
38, 48, 61, 66, 191, 227, 248, 372, 387
48, 63, 176, 284, 289, 293, 306, 324
7, 36, 63, 68, 76, 148, 163, 258, 281, 319, 325, 368, 455, 460
72, 73, 75, 95, 108, 118, 127, 168, 193, 220, 246, 288, 374, 403, 409, 446, 495
3, 8, 81, 100, 107, 108, 137, 188, 201, 222, 231, 241, 287, 318, 405, 409, 418, 425, 432, 439, 494, 496
63, 107, 213, 398, 412, 415, 490
12, 209, 221, 282, 353, 360, 374, 456, 493
3, 6, 17, 36, 38, 63, 97, 99, 105, 109, 117, 147, 148, 203, 235, 237, 284, 289, 303, 325, 368, 374, 399, 445, 463, 477
11, 83, 132, 187, 193, 214, 229, 277
26, 39, 47, 52, 62, 116, 120, 124, 150, 152, 154, 163, 168, 214, 227, 231, 236, 247, 284, 293, 307, 318, 344, 388, 397, 471, 484
18, 132, 155, 214, 246, 377, 405, 490
9, 68, 86, 169, 192, 353, 405, 416
3, 25, 36, 123, 132, 167, 195, 216, 221, 234, 255, 265, 281, 289, 300, 306, 308, 324, 335, 359, 371, 402, 462
62, 80, 147, 238, 283, 339, 353, 360, 377, 404
69, 140, 155, 197, 261, 284, 416, 431, 456
8, 29, 62, 101, 118, 139, 154, 155, 339, 395, 399, 436, 438, 441, 497
63, 104, 489, 490
36, 62, 63, 87, 123, 124, 132, 150, 246, 259, 274, 281, 319, 338, 344, 384, 416, 455
43, 85, 208, 288, 323, 348
83, 123, 132, 176, 203, 221, 243, 266, 288, 337, 424, 473, 477
35, 60, 61, 63, 85, 87, 148, 149, 150, 185, 214, 222, 226, 247, 263, 363, 400, 405, 410, 439, 446, 447
9, 42, 66, 155, 197, 258, 291, 325, 368
3, 11, 29, 43, 127, 176, 214, 238, 246, 248, 335, 395
123, 142, 145, 159, 204, 220, 283, 341, 388, 405, 416, 442
26, 73, 87, 123, 138, 146, 190, 248, 274, 319, 419, 431, 473
22, 38, 93, 119, 124, 132, 168, 180, 222, 247, 263, 280, 282, 430, 446
20, 28, 77, 109, 117, 119, 132, 137, 139, 140, 155, 171, 203, 219, 246, 252, 266, 314, 344, 354, 432, 436, 443, 449
21, 109, 118, 136, 146, 155, 159, 160, 188, 192, 219, 224, 307, 318, 319, 335, 387, 397, 465, 472
0, 45, 63, 85, 127, 178, 184, 281, 306, 339, 377, 378, 471
38, 48, 63, 72, 127, 176, 284, 289, 293, 306, 324, 361, 490
127, 168, 204, 220, 221, 236, 283, 326, 328, 341, 353, 388, 405, 416, 442
11, 14, 60, 61, 69, 101, 108, 137, 148, 155, 233, 247, 273, 281, 307, 360, 472, 480
36, 57, 119, 132, 140, 172, 318, 330, 331, 368, 430
5, 34, 39, 50, 69, 75, 121, 145, 148, 163, 283, 344, 359, 360, 374, 416, 420, 432
175, 274, 319, 485
67, 68, 81, 86, 87, 100, 107, 192, 209, 221, 377, 449, 463, 464
98, 270, 374, 446
9, 25, 49, 54, 111, 115, 416, 428, 443
77, 116, 118, 129, 137, 214, 255, 354, 472, 490
8, 33, 62, 67, 69, 87, 132, 142, 182, 250, 300, 325, 356, 391, 464, 487
38, 76, 106, 116, 138, 140, 150, 154, 155, 190, 281, 482, 493
28, 47, 63, 316, 347, 360, 420, 436, 447
28, 39, 40, 42, 119, 138, 140, 179, 220, 242, 259, 328, 405, 430, 436, 437, 439, 490
8, 34, 67, 72, 73, 85, 169, 191, 216, 238, 240, 306, 309, 319, 337, 378, 395, 402, 436, 459, 472, 488
188, 330, 397, 423, 432
3, 4, 83, 87, 93, 154, 178, 221, 236, 289, 306, 328, 336, 360
16, 38, 125, 132, 148, 172, 216, 231, 238, 261, 289, 330, 395, 404, 412, 442, 447
3, 8, 11, 17, 28, 38, 87, 108, 121, 132, 160, 167, 214, 226, 246, 405, 439, 444, 463, 491
114, 277, 321, 416, 459
9, 36, 72, 86, 117, 148, 163, 179, 222, 258, 281, 319, 321, 401, 432
12, 27, 29, 51, 125, 289, 359, 389, 421
63, 80, 81, 119, 168, 195, 202, 216, 231, 283, 284, 303, 333, 347, 432, 477, 480
13, 14, 17, 19, 35, 61, 83, 87, 89, 108, 117, 132, 146, 154, 160, 179, 185, 297, 300, 334, 336, 390, 400
3, 26, 60, 63, 127, 138, 139, 163, 242, 281, 318, 334, 339, 387
29, 33, 49, 60, 83, 89, 93, 132, 154, 159, 220, 259, 366, 446
124, 135, 138, 140, 201, 222
7, 12, 38, 97, 111, 179, 192, 221, 243, 246, 247, 302, 319, 405, 447, 485, 488
104, 119, 198, 268, 319, 368, 374, 403, 451
47, 63, 81, 98, 103, 112, 128, 154, 184, 302, 336, 369, 380, 416, 423, 444, 445, 472, 477
38, 42, 95, 97, 159, 201, 255, 308, 325, 358, 360, 416, 422, 425, 455, 490
63, 78, 83, 116, 146, 172, 268, 293, 318, 338, 364, 366, 374, 432, 471
7, 21, 38, 62, 78, 173, 246, 274, 281, 282, 335, 364, 377, 400, 412, 426, 432
63, 155, 169, 250, 274, 318, 348, 443, 480, 485
9, 29, 49, 112, 119, 149, 161, 344, 359, 360, 361, 375, 386, 436
34, 93, 145, 259, 293, 364, 368, 378, 405, 477
9, 40, 53, 125, 132, 182, 201, 231, 243, 300, 323, 325, 347, 364, 377, 426, 444
11, 14, 26, 35, 55, 127, 132, 160, 232, 259, 263, 284, 371, 399, 400, 405, 470
20, 63, 119, 139, 172, 221, 222, 338, 388, 491
38, 83, 119, 182, 238, 295, 405, 432, 486
155, 205, 209, 289, 331, 351
26, 40, 43, 48, 66, 79, 146, 160, 201, 266, 277, 294, 300, 385, 413, 472, 495
13, 23, 36, 40, 80, 123, 147, 168, 188, 191, 222, 247, 322, 400, 403, 405, 410, 420, 431, 481, 485, 493, 497
8, 14, 36, 38, 68, 78, 116, 127, 147, 154, 155, 163, 188, 204, 217, 248, 261, 300, 360, 424, 473
12, 38, 69, 85, 155, 161, 236, 238, 261, 274, 338, 387, 442, 486
68, 72, 107, 117, 147, 152, 197, 219, 222, 237, 238, 277, 287, 387, 414, 416, 447, 455, 490
0, 17, 52, 74, 87, 126, 127, 142, 152, 166, 200, 248, 261, 266, 272, 274, 286, 318, 325, 416, 421, 425, 438, 444, 460, 488, 494
14, 17, 35, 70, 71, 77, 104, 109, 150, 154, 192, 252, 255, 265, 283, 293, 316, 374, 423
33, 38, 97, 144, 169, 215, 222, 339, 377, 415, 431, 470, 478
7, 42, 66, 83, 86, 93, 132, 139, 140, 142, 169, 171, 207, 209, 222, 280, 289, 292, 300, 326, 351, 359, 371, 402, 412, 431, 442, 481, 490, 494, 497
3, 27, 28, 76, 80, 119, 205, 221, 300, 322, 409, 420, 432, 450, 491
11, 46, 69, 86, 116, 135, 175, 179, 201, 208, 213, 289, 300, 317, 397, 403, 422, 459, 480
22, 26, 50, 109, 147, 404, 416, 444, 497
21, 38, 49, 52, 67, 80, 203, 238, 242, 266, 293, 324, 366, 395, 410, 418, 437, 463, 485
36, 38, 55, 170, 179, 246, 277, 289, 351, 374, 380, 439, 455, 473, 477, 497
5, 11, 247, 281, 337, 339, 354, 359, 397, 412, 423, 439, 446
14, 18, 63, 81, 130, 150, 166, 183, 192, 198, 222, 231, 299, 326, 446
9, 67, 132, 145, 170, 192, 193, 233, 293, 333, 353, 371, 425, 444
10, 39, 85, 117, 124, 170, 176, 209, 213, 227, 336, 360, 396, 399, 400, 426, 439, 481
93, 126, 132, 230, 293, 339, 416, 423, 425, 442, 479, 490
34, 61, 246, 283, 289, 316, 368, 471, 472, 473
38, 48, 159, 283, 297, 335, 354, 368, 416, 442, 470
65, 79, 87, 127, 142, 205, 230, 283, 291, 328, 330, 360, 374, 409, 437
8, 40, 68, 116, 131, 150, 192, 221, 246, 260, 373, 378, 418, 425, 444, 446, 459, 464
12, 62, 81, 89, 128, 150, 263, 334, 360, 371, 374, 411, 446, 456
38, 69, 83, 89, 100, 124, 142, 143, 182, 234, 246, 374, 418, 419
17, 33, 35, 71, 124, 127, 176, 178, 189, 217, 227, 248, 319, 372, 402, 412, 420, 437, 439, 456, 459, 471, 491
145, 217, 248, 259, 292, 300, 304, 334, 337, 360, 369, 388, 395, 399, 423
36, 97, 125, 229, 235, 237, 328, 356, 371, 392, 437, 446
76, 247, 419, 423, 429
27, 32, 33, 45, 70, 92, 106, 110, 132, 148, 160, 171, 183, 259, 318, 326, 368, 378, 404, 413, 463
1, 11, 69, 74, 154, 160, 169, 171, 201, 298, 405, 414, 420, 421, 455, 463
85, 125, 170, 185, 222, 277, 409, 410, 422, 495
9, 23, 38, 69, 106, 127, 142, 212, 229, 236, 335, 360, 371, 374, 410, 473
116, 127, 130, 171, 213, 221, 281, 283, 289, 322, 412, 431, 442, 453, 487
39, 80, 137, 160, 168, 217, 233, 243, 277, 303, 336, 360, 377, 442, 497
38, 81, 99, 180, 183, 264, 336, 342, 350, 413, 418, 420
14, 83, 96, 104, 109, 132, 179, 192, 217, 281, 402, 426, 444, 446, 471, 490
28, 63, 69, 78, 125, 135, 160, 216, 221, 238, 281, 293, 304, 319, 338, 405, 442, 446, 447, 456
8, 28, 39, 49, 213, 238, 335, 340, 395, 401, 423
8, 89, 142, 154, 168, 238, 335, 347, 353, 373, 416, 471
45, 124, 142, 160, 203, 247, 316, 368, 492
47, 59, 104, 136, 137, 150, 154, 172, 190, 233, 246, 272, 291, 374, 471, 480, 486, 490, 497
48, 67, 70, 197, 234, 259, 331, 347, 464
111, 121, 127, 140, 322, 439
36, 116, 170, 213, 246, 277, 283, 289, 314, 340, 380, 409, 428, 441, 442, 453, 455, 477, 487
63, 89, 109, 123, 142, 146, 155, 160, 214, 280, 336, 362, 382, 416, 428, 463, 471, 497
29, 102, 109, 142, 155, 159, 160, 214, 217, 280, 362, 375, 428, 463, 471, 486
9, 35, 38, 62, 70, 86, 87, 104, 136, 184, 221, 318, 395, 405, 424, 431, 437, 442, 455, 481, 490
28, 51, 107, 154, 234, 238, 281, 290, 395, 480, 481, 491
144, 154, 205, 246, 289, 291, 361, 368, 402, 432, 490
81, 107, 115, 120, 150, 160, 213, 231, 246, 316, 319, 359, 360, 432
25, 39, 100, 154, 195, 274, 277, 281, 282, 289, 294, 319, 344, 354, 360, 400, 497
6, 39, 40, 63, 95, 96, 112, 120, 124, 132, 140, 145, 148, 166, 209, 214, 222, 238, 250, 274, 395, 446
13, 14, 38, 51, 142, 182, 220, 281, 347, 395, 440, 459, 471, 496
8, 14, 18, 69, 80, 96, 178, 238, 281, 282, 309, 326, 348, 416, 444, 484, 490
3, 53, 67, 72, 100, 114, 142, 246, 259, 300, 318, 353, 354, 359, 400, 403, 404, 429
40, 68, 78, 80, 85, 109, 142, 230, 238, 241, 244, 281, 288, 316, 328, 360, 377, 385, 399, 402, 403, 429, 481, 497
38, 47, 63, 67, 72, 78, 192, 198, 248, 263, 285, 329, 374, 490
0, 3, 14, 51, 67, 72, 124, 193, 209, 300, 374, 402, 409, 418, 472, 480
5, 18, 39, 61, 63, 147, 148, 181, 201, 217, 218, 242, 250, 292, 318, 400, 416, 429, 430, 442, 457, 463, 480
45, 48, 62, 73, 87, 111, 119, 126, 127, 132, 137, 144, 159, 197, 259, 278, 298, 324, 326, 360, 374, 409, 419, 439, 494
61, 66, 93, 154, 164, 309, 360, 371, 374, 403, 425, 443, 487
9, 28, 132, 293, 473
19, 23, 43, 60, 65, 85, 100, 103, 154, 216, 240, 281, 331, 333, 335, 344, 374, 378, 399, 438, 443, 444, 482
66, 69, 76, 87, 170, 185, 186, 191, 277, 291, 299, 337, 361, 374, 380, 400, 445, 446, 480, 487, 492
35, 36, 192, 222, 309, 409, 416, 471
6, 7, 38, 51, 222, 246, 247, 261, 282, 333, 335, 412, 432, 443, 444, 477
9, 14, 55, 87, 106, 107, 171, 178, 277, 283, 414, 432
9, 14, 36, 127, 154, 221, 222, 242, 325, 344, 374, 412, 421, 432, 448, 471, 485
5, 77, 86, 97, 221, 235, 326, 374, 470, 487
18, 139, 144, 171, 182, 238, 261, 300, 333, 442, 482
48, 63, 69, 72, 73, 75, 95, 124, 127, 151, 168, 192, 193, 248, 288, 437, 447, 455, 482, 490, 492, 495
0, 52, 54, 63, 87, 132, 229, 255, 287, 324, 328, 389, 435
36, 49, 87, 132, 147, 153, 155, 238, 246, 247, 248, 266, 280, 281, 325, 326, 360, 371, 394, 412, 487, 491
12, 66, 83, 100, 104, 144, 208, 240, 248, 294, 340, 344, 371, 420, 424, 437
0, 63, 86, 109, 117, 132, 137, 155, 179, 183, 212, 213, 238, 245, 404, 480
46, 85, 102, 118, 166, 176, 241, 280, 319, 353, 374, 377, 398, 420, 444
8, 101, 132, 166, 217, 271, 289, 293, 325, 487, 495
14, 23, 38, 67, 68, 73, 86, 150, 183, 214, 216, 229, 258, 266, 281, 347, 350, 481
45, 55, 130, 163, 169, 247, 289, 318, 319, 377, 456, 471, 496
124, 125, 127, 144, 154, 289, 318, 411
22, 38, 66, 164, 185, 255, 471, 497
5, 51, 66, 67, 71, 72, 224, 242, 318, 322, 330, 360, 387, 403, 429, 443
62, 68, 117, 124, 153, 170, 171, 173, 221, 233, 246, 289, 303, 318, 321, 339, 359, 374, 403, 420
72, 123, 150, 293, 325, 330, 338, 344, 361, 431, 432, 444
10, 38, 85, 87, 142, 238, 278, 298, 451, 472, 477
108, 138, 215, 442
48, 98, 104, 248, 255, 307, 359, 416, 435, 439
49, 116, 135, 137, 140, 157, 168, 190, 192, 236, 246, 281, 444, 469, 471, 481, 493
4, 28, 49, 74, 87, 89, 168, 277, 318, 471, 490
11, 39, 69, 81, 124, 127, 154, 172, 207, 210, 235, 245, 293, 318, 326, 337, 360, 368, 403, 405, 431, 488
52, 60, 68, 97, 115, 147, 198, 392, 398, 403, 416, 441
5, 17, 29, 43, 74, 86, 118, 138, 148, 170, 201, 316, 325, 425, 432, 443, 467
9, 11, 21, 36, 61, 70, 72, 100, 103, 127, 144, 170, 218, 222, 231, 232, 266, 281, 289, 357, 378, 382, 399, 416, 442, 443, 444, 472, 480
42, 49, 53, 135, 137, 146, 209, 216, 240, 322, 326, 409, 413, 422, 442, 472, 477, 481, 492
3, 28, 40, 53, 61, 63, 72, 100, 132, 150, 169, 183, 323, 372, 412, 422, 425, 444, 482
11, 69, 89, 148, 156, 163, 183, 188, 203, 218, 350, 368, 416, 441, 477, 480
19, 23, 35, 36, 51, 112, 124, 147, 150, 153, 164, 170, 176, 197, 210, 219, 221, 260, 322, 360, 371, 459, 492
41, 87, 138, 155, 168, 220, 247, 281, 283, 364, 446, 453
0, 61, 67, 69, 81, 104, 147, 189, 243, 300, 380, 403, 472, 490
9, 38, 49, 67, 85, 88, 100, 222, 234, 259, 289, 359, 395, 405, 416, 425
35, 36, 111, 112, 123, 135, 281, 293, 299, 306, 338, 353, 380, 402, 484
87, 97, 98, 106, 127, 136, 144, 145, 186, 213, 234, 238, 306, 336, 430, 432, 471, 472
26, 106, 119, 120, 137, 210, 221, 224, 252, 300, 405, 413, 453, 463, 469, 470, 495
36, 68, 87, 222, 233, 300, 326, 333, 482
38, 62, 81, 87, 108, 127, 132, 160, 240, 302, 350, 385, 387, 410, 421, 439, 481, 491, 495
27, 53, 103, 144, 169, 179, 255, 359, 402, 429, 455, 494
33, 40, 93, 109, 125, 126, 198, 364, 404
16, 23, 124, 147, 166, 192, 198, 243, 281, 399, 444, 455, 456
28, 83, 85, 110, 230, 286, 306, 325, 360, 371, 414, 436
70, 87, 89, 108, 109, 131, 139, 140, 209, 313, 338, 374, 387, 389, 471, 497
39, 47, 53, 85, 114, 214, 247, 259, 280, 353, 377, 464, 482, 486
6, 17, 38, 48, 81, 100, 112, 116, 124, 150, 190, 195, 242, 248, 265, 286, 420
6, 43, 87, 300, 318, 374, 480
8, 11, 48, 69, 81, 87, 140, 144, 169, 172, 187, 200, 286, 300, 403, 416, 471, 472, 483
112, 143, 153, 183, 197, 281, 306, 360, 493
124, 137, 182, 201, 214, 277, 347, 351
28, 39, 61, 85, 86, 95, 109, 133, 144, 157, 203, 214, 219, 247, 274, 277, 331, 336, 342, 356, 402, 446
13, 44, 66, 87, 104, 117, 127, 128, 191, 248, 283, 359, 360, 418, 437, 472, 481, 491
3, 67, 78, 87, 118, 150, 167, 169, 170, 222, 247, 337, 340, 372, 439, 442, 477, 491
26, 35, 43, 47, 117, 125, 146, 149, 170, 187, 201, 219, 257, 325, 342, 402, 420, 432, 472, 477, 486, 490, 499
23, 54, 86, 89, 111, 121, 123, 127, 140, 142, 189, 219, 227, 274, 277, 281, 293, 322, 374, 402, 432, 439, 447, 487
48, 62, 98, 186, 364
41, 125, 277, 298, 300, 329, 335, 348, 412, 432, 465, 491
50, 69, 83, 90, 124, 131, 147, 205, 214, 222, 247, 286, 318, 344, 371, 385, 395, 397, 398, 412, 432, 439
18, 19, 81, 85, 125, 132, 142, 178, 216, 240, 348, 356, 360, 371, 374, 378, 397, 435, 461, 472
8, 80, 87, 94, 127, 155, 222, 234, 274, 281, 293, 303, 304, 353, 354, 385, 412, 416, 444, 471, 480, 490
7, 83, 124, 137, 169, 179, 211, 238, 259, 274, 289, 339, 379, 387, 399
11, 35, 68, 70, 89, 109, 118, 131, 132, 139, 230, 233, 319, 325, 326, 339, 367, 410, 416, 423, 425, 442, 490
140, 209, 222, 300, 348, 366, 466, 472, 473, 490
53, 179, 182, 255, 359, 384, 385, 402, 418, 421, 429
18, 144, 145, 163, 182, 187, 214, 238, 432, 472, 482
36, 51, 216, 222, 227, 300, 314, 322, 425, 444, 463, 491
52, 61, 62, 81, 140, 159, 226, 238, 246, 277, 293, 338, 342, 351, 398, 402, 416
11, 25, 60, 154, 187, 222, 246, 322, 348, 399, 402, 422, 437, 439, 444, 446, 471
52, 63, 93, 104, 140, 144, 167, 231, 344, 368, 436, 470, 487, 490, 493
36, 79, 117, 118, 222, 261, 289, 322, 359, 360, 369, 377, 400, 402
7, 40, 80, 143, 247, 374
32, 155, 170, 171, 188, 289, 387, 398, 403, 446
17, 23, 43, 83, 95, 155, 170, 248, 374, 399, 443
19, 63, 85, 96, 201, 216, 222, 305, 338, 374, 377, 378, 388, 430, 491
66, 81, 151, 222, 249, 281, 314, 331, 343, 360, 364, 368, 402, 416, 436, 490
60, 63, 233, 259, 375, 389, 420, 456
29, 63, 90, 168, 214, 222, 274, 284, 325, 331, 360, 361, 404, 428, 430
8, 22, 29, 48, 100, 238, 291, 300, 360, 389, 403, 405, 443, 463, 487, 496
8, 22, 38, 43, 69, 90, 102, 129, 142, 198, 209, 238, 241, 318, 377, 414, 432, 471, 472
47, 66, 69, 85, 101, 137, 144, 150, 193, 248, 274, 319, 344, 399, 455, 462, 463, 464
23, 61, 81, 87, 89, 96, 132, 170, 217, 246, 318, 339, 360, 402, 405
78, 85, 244, 316, 328, 377, 403, 481, 497
36, 87, 150, 209, 222, 248, 306, 318, 325, 336, 374, 438, 471
31, 36, 48, 108, 148, 163, 258, 274, 281, 319, 348, 354, 402, 480
8, 21, 28, 89, 119, 138, 143, 221, 259, 266, 300, 363, 409, 418
87, 132, 246, 248, 281, 326, 371, 412, 433, 487
3, 10, 46, 69, 80, 87, 109, 112, 148, 266, 281, 325, 332, 351, 368, 383, 397, 402, 427, 432, 446, 466, 471, 486
69, 173, 181, 186, 231, 259, 263, 268, 281, 300, 400, 460, 471
25, 36, 62, 69, 100, 209, 221, 233, 289, 325, 356, 374, 377, 403, 412, 471, 485
35, 36, 38, 62, 85, 101, 222, 228, 282, 293, 322, 360, 419, 420, 422, 442, 444, 459, 471
3, 42, 51, 104, 119, 127, 132, 154, 172, 213, 277, 292, 318, 335, 357, 378
3, 8, 47, 106, 145, 148, 154, 170, 177, 210, 293, 360, 402, 416
43, 61, 63, 67, 69, 86, 132, 147, 150, 163, 176, 201, 231, 281, 329, 400, 436, 444
38, 86, 100, 110, 111, 124, 144, 163, 234, 238, 241, 286, 374, 412, 459
29, 75, 117, 144, 182, 185, 277, 298, 388, 402, 456, 493, 495
51, 108, 109, 281, 377
4, 14, 62, 72, 117, 118, 169, 170, 189, 212, 246, 252, 268, 402, 412, 471
9, 26, 70, 92, 109, 114, 118, 124, 132, 137, 190, 214, 222, 277, 306, 321, 362, 395, 416, 419, 428, 444, 459, 471, 472, 485, 495
10, 39, 176, 336, 396, 399, 400, 481
69, 147, 179, 224, 229, 247, 278, 432, 437, 446, 456
10, 38, 52, 63, 73, 190, 200, 205, 232, 233, 272, 445, 477, 494, 497
14, 47, 69, 85, 100, 101, 144, 150, 248, 319, 328, 399, 455
9, 12, 38, 112, 120, 127, 159, 184, 221, 227, 306, 318, 404, 416, 424, 442, 444, 451, 481, 490, 493
27, 53, 59, 66, 96, 100, 106, 127, 132, 150, 155, 174, 199, 242, 289, 293, 337, 429, 444, 446, 463, 490
9, 21, 26, 48, 70, 72, 123, 170, 188, 190, 204, 231, 232, 248, 281, 284, 289, 319, 368, 371, 402, 416, 472, 474, 478
67, 127, 182, 318, 360, 372, 493
43, 66, 108, 123, 163, 227, 246, 293, 295, 300, 319, 325, 350, 404, 438
50, 52, 55, 72, 118, 120, 170, 192, 209, 222, 293, 300, 318, 330, 372, 374, 414, 446, 451, 491
124, 281, 325, 342, 412, 442, 444
3, 36, 63, 79, 85, 92, 107, 123, 137, 142, 144, 159, 174, 209, 266, 274, 291, 325, 368, 371, 392, 437, 444, 451, 487
3, 36, 39, 61, 101, 113, 137, 179, 201, 214, 216, 241, 300, 324, 325, 416, 423, 471
5, 11, 21, 52, 83, 144, 153, 179, 204, 217, 293, 318, 328, 416, 429, 447
81, 154, 201, 371, 377, 463, 487, 491
94, 104, 107, 198, 207, 268, 319, 368, 374, 451, 490
41, 48, 69, 162, 169, 201, 246, 281, 300, 336, 339, 432, 437, 444, 447, 491
11, 69, 85, 127, 145, 155, 170, 192, 246, 283, 338, 378, 385, 436, 437, 449, 454
3, 49, 71, 87, 92, 104, 107, 144, 159, 274, 291, 392, 424, 429, 471
17, 36, 47, 93, 150, 157, 214, 227, 329, 338, 346, 364, 368, 477
28, 33, 234, 274, 387, 402, 437, 439, 455, 471, 480, 493
17, 52, 152, 274, 318, 322, 405, 416, 467, 471, 474
8, 274, 281, 297, 298, 354, 375, 401, 437, 490
47, 144, 158, 159, 219, 238, 255, 274, 290, 298, 337, 402, 430, 435
29, 150, 160, 163, 238, 254, 259, 263, 270, 300, 347, 359, 415, 437, 456
14, 68, 70, 89, 170, 214, 221, 247, 274, 379, 387, 405, 410, 425, 477
43, 101, 193, 319, 377, 400, 468, 486
29, 47, 73, 124, 150, 233, 261, 287, 319, 346, 403, 486
222, 238, 272, 274, 289, 318, 322, 339, 395
1, 13, 57, 90, 107, 112, 125, 148, 150, 154, 236, 259, 265, 266, 289, 323, 359, 375, 402, 457, 487
18, 49, 86, 87, 106, 119, 120, 160, 205, 259, 284, 325, 335, 374, 375, 422, 442
51, 69, 89, 135, 171, 222, 227, 300, 311, 314, 371, 432, 444, 491
109, 121, 144, 190, 197, 217, 278, 324, 371, 421
36, 63, 87, 117, 124, 140, 149, 150, 182, 185, 191, 214, 231, 293, 359, 397, 402, 403, 418, 423, 432, 435, 444
12, 121, 124, 209, 221, 299, 351, 353, 374, 404, 436, 493
13, 23, 190, 263, 266
5, 62, 77, 102, 132, 137, 150, 188, 246, 272, 286, 348, 397, 399, 402, 435, 437, 441
23, 38, 63, 69, 71, 72, 146, 171, 178, 219, 246, 259, 281, 293, 298, 377, 404, 445, 496
43, 63, 87, 104, 166, 168, 170, 197, 246, 259, 281, 283, 285, 331, 353, 368, 418, 422, 427, 432, 436, 473
7, 70, 108, 116, 120, 125, 209, 219, 238, 399, 418, 425, 432, 445, 472
9, 72, 168, 169, 193, 233, 238, 330, 344, 402, 437, 445, 459, 487
13, 43, 137, 143, 181, 238, 246, 369, 416, 432, 435, 471
170, 182, 221, 248, 287, 325, 353, 400
43, 63, 101, 132, 137, 142, 238, 272, 280, 338, 353, 480, 492
81, 154, 300, 387, 439, 477, 478, 480
70, 72, 124, 134, 137, 154, 190, 222, 248, 306, 328, 395, 472, 486
61, 63, 68, 78, 101, 120, 159, 192, 221, 222, 255, 266, 289, 333, 334, 338, 368, 370, 403, 418, 425, 461, 486, 487
9, 17, 48, 69, 87, 127, 145, 154, 175, 184, 190, 222, 246, 259, 293, 353, 357, 377, 390, 412, 421, 437
17, 35, 76, 150, 238, 285, 289, 307, 412, 455
9, 15, 28, 73, 97, 147, 169, 184, 215, 246, 295, 300, 363, 375, 418, 451, 456, 482, 484
51, 93, 100, 248, 300, 360, 394
3, 8, 12, 28, 52, 80, 101, 121, 124, 137, 221, 299, 318, 353, 360, 374, 404, 439, 493, 494
38, 41, 49, 111, 121, 122, 127, 140, 154, 214, 281, 322, 375, 405, 432, 439, 446, 455, 459, 472, 485, 492
8, 28, 51, 61, 97, 201, 283, 300
78, 81, 87, 171, 205, 226, 248, 266, 300, 306, 353, 359, 368, 374, 375, 385, 416, 443, 446
7, 8, 26, 41, 51, 87, 163, 164, 168, 180, 198, 214, 220, 281, 364, 368, 378, 397, 412, 463, 472
17, 96, 109, 132, 170, 202, 208, 221, 247, 255, 319, 344, 374, 387, 413, 416, 420
70, 89, 97, 109, 131, 139, 261, 265, 440
42, 83, 86, 108, 117, 138, 142, 197, 199, 215, 370, 442, 471
50, 80, 93, 95, 135, 219, 220, 248, 318, 326, 405, 464
8, 18, 38, 69, 106, 299, 300, 318, 339, 360, 404, 423, 432, 472
112, 142, 300, 329
12, 21, 26, 29, 36, 87, 92, 119, 170, 173, 209, 233, 292, 326, 337, 339, 347, 389, 399, 463, 490
11, 29, 38, 63, 80, 87, 99, 109, 123, 147, 149, 154, 170, 192, 200, 203, 219, 222, 274, 293, 336, 338, 371, 400, 405, 436, 472, 477, 485
26, 38, 62, 91, 109, 112, 116, 150, 154, 192, 204, 212, 284, 299
90, 182, 192, 214, 221, 284, 325, 326, 337, 344, 354, 360, 361, 374, 384, 404, 416, 423, 428
67, 97, 115, 147, 188, 240, 246, 309, 348, 374, 378, 392, 398, 416, 441
11, 81, 147, 170, 300, 319, 360, 399, 443, 455, 480
26, 29, 40, 52, 62, 83, 117, 150, 182, 246, 293, 326, 337, 388, 429, 436, 454, 455, 495
3, 28, 62, 63, 69, 85, 171, 176, 201, 285, 326, 347, 368, 371, 398, 402, 411, 424, 497
21, 26, 55, 68, 124, 192, 231, 303, 339, 352, 426, 444, 463
26, 27, 34, 62, 69, 72, 155, 168, 221, 246, 249, 289, 357, 421, 436
61, 66, 69, 73, 80, 93, 103, 188, 224, 322, 330, 331, 336, 360, 405, 422, 428, 432, 455, 459, 463
38, 55, 79, 173, 179, 221, 222, 326, 351, 371, 374, 378, 416, 432, 439, 449, 463, 473, 490, 497
7, 17, 89, 227, 318, 320, 346, 366, 375, 422, 424, 430, 432, 482
28, 36, 43, 51, 63, 155, 192, 273, 293, 338, 347, 392, 424, 431, 471, 491, 492
9, 14, 63, 101, 109, 119, 139, 142, 182, 207, 209, 224, 229, 274, 297, 311, 318, 347, 353, 375, 389, 409, 432, 443, 471, 486
83, 146, 158, 217, 247, 259, 274, 336, 391, 402, 420, 436, 443
36, 69, 163, 192, 200, 221, 240, 246, 311, 325, 341, 353, 368, 438, 480, 483, 484, 497
9, 10, 38, 72, 83, 87, 116, 123, 127, 159, 172, 234, 274, 309, 318, 336, 347, 402, 404, 442, 471
8, 48, 63, 87, 91, 101, 163, 169, 270, 330, 416, 444, 449
23, 26, 38, 72, 106, 140, 151, 221, 246, 259, 310, 321, 330, 371, 481
3, 9, 29, 47, 49, 112, 150, 161, 227, 281, 344, 359, 361, 372, 425, 444
39, 57, 73, 107, 147, 155, 203, 248, 252, 289, 316, 320, 423, 432, 439, 446
33, 38, 132, 140, 145, 222, 274, 293, 300, 333, 344, 364, 412, 416, 462, 484
49, 109, 214, 233, 238, 280, 404, 464
39, 83, 89, 124, 205, 222, 286, 318, 319, 371, 377, 398, 412, 418
27, 28, 38, 99, 144, 180, 248, 334, 342, 350, 358, 416, 418, 420, 433, 460
34, 35, 36, 48, 178, 243, 280, 319, 395
42, 60, 78, 123, 127, 159, 190, 192, 252, 281, 316, 324, 419, 444, 472, 483
0, 11, 38, 61, 112, 116, 154, 240, 259, 268, 443, 487
10, 39, 67, 72, 108, 119, 154, 166, 170, 209, 221, 247, 283, 309, 399, 402, 439, 453, 463
86, 123, 163, 219, 259, 411, 412, 414, 456, 472
20, 69, 85, 139, 154, 188, 221, 233, 377
11, 19, 29, 62, 69, 71, 93, 118, 125, 140, 154, 171, 172, 186, 213, 259, 265, 306, 366, 374, 405, 428, 444, 472, 490
29, 38, 80, 159, 204, 348, 381, 420, 437, 472, 481
66, 69, 70, 139, 192, 213, 259, 276, 281, 300, 307, 325, 328, 402, 403, 404, 439, 459
51, 71, 108, 120, 216, 246, 274, 348, 360, 387, 402, 423, 431, 437, 472
7, 43, 81, 93, 130, 201, 247, 377, 403, 404, 437, 441, 463, 470, 491
9, 57, 192, 209, 227, 274, 277, 282, 319, 412, 414, 491
11, 33, 40, 67, 95, 114, 119, 150, 197, 206, 226, 248, 257, 281, 298, 360, 409, 416, 425, 441, 493
42, 49, 109, 123, 132, 179, 285, 289, 307, 348, 382, 439, 444, 487
21, 47, 159, 187, 188, 192, 209, 224, 234, 274, 277, 329, 335, 432, 444, 465, 486, 490
9, 35, 62, 67, 68, 70, 86, 87, 95, 104, 136, 161, 170, 328, 374, 395, 399, 405, 431, 437, 455, 489
19, 38, 81, 132, 169, 221, 280, 336, 360, 412, 414, 417, 418, 420, 473
38, 71, 108, 147, 190, 222, 261, 374, 444
4, 25, 48, 71, 100, 127, 148, 191, 213, 281, 443, 492
36, 61, 102, 127, 201, 292, 371, 400, 443, 453, 471, 492
3, 11, 60, 62, 70, 78, 83, 85, 87, 116, 119, 137, 170, 238, 246, 371, 395, 444
13, 109, 127, 182, 274, 314, 335, 351, 383, 497
81, 87, 106, 128, 160, 214, 377, 473, 493
142, 193, 217, 237, 432, 439, 447, 461
29, 53, 117, 119, 136, 163, 169, 209, 220, 247, 248, 283, 358, 420, 423, 432, 487
38, 70, 109, 152, 171, 172, 190, 240, 291, 293, 294, 314, 395, 418
25, 36, 63, 142, 145, 148, 168, 173, 174, 180, 215, 227, 263, 323, 325, 368, 377, 380, 401, 421, 473, 490, 493
29, 45, 63, 77, 104, 125, 140, 147, 155, 169, 185, 205, 216, 222, 238, 261, 318, 335, 353, 397, 415
13, 34, 39, 104, 169, 205, 248, 283, 336
29, 36, 52, 55, 107, 119, 128, 140, 172, 259, 278, 286, 330, 331, 336, 342, 359, 420, 446, 455
19, 63, 123, 132, 137, 266, 337, 371, 403, 491, 496
34, 36, 50, 63, 104, 144, 154, 214, 219, 263, 316, 347, 397, 399, 410, 412, 439, 459
87, 202, 316, 337, 415, 490
5, 6, 17, 73, 113, 127, 155, 173, 175, 189, 238, 274, 281, 298, 377, 403, 404, 421, 426, 432, 472, 482, 485
15, 38, 40, 51, 53, 72, 107, 127, 132, 154, 183, 185, 209, 220, 248, 289, 323, 356, 360, 368, 400, 416, 425, 438, 444
18, 38, 40, 55, 59, 71, 76, 112, 130, 145, 192, 212, 219, 277, 322, 353, 368, 372, 484, 486, 488, 490, 493
5, 49, 77, 92, 132, 179, 221, 289, 307, 382, 439, 444, 470, 486, 487
4, 14, 33, 38, 47, 63, 86, 89, 104, 114, 137, 139, 144, 150, 154, 219, 246, 300, 326, 371, 377, 404, 443, 477, 486
7, 132, 146, 154, 217, 252, 259, 281, 307, 322, 336, 391, 443, 445, 490